1000
51 76 26
38 96 19
4 99 34
67 7 97
76 82 99
7 56 41
14 98 61
70 44 46
77 76 20
59 72 79
73 93 3
40 31 94
9 76 39
57 61 15
51 37 95
8 88 1
86 98 75
68 45 5
38 4 1
51 61 95
36 86 34
35 55 45
65 77 76
6 36 66
23 7 57
93 79 38
66 22 24
32 10 75
78 28 94
74 13 7
29 21 89
84 79 77
57 26 71
31 90 6
98 4 46
37 87 8
80 5 56
64 15 25
82 42 37
89 74 71
34 29 29
0 2 42
45 12 15
78 23 25
48 100 7
50 95 41
79 91 11
79 12 10
2 93 86
13 47 81
100 9 27
38 31 43
5 5 86
46 71 15
54 18 72
61 34 14
90 77 46
68 6 13
93 73 87
60 98 27
72 84 72
6 27 73
9 78 90
23 34 79
13 78 5
94 7 87
86 82 81
36 69 53
62 90 75
2 20 12
93 91 57
90 24 63
1 13 64
51 52 94
33 69 55
84 58 56
16 11 38
21 66 14
6 56 93
0 39 48
91 9 77
46 100 56
28 75 45
23 7 3
16 54 82
5 74 9
55 32 37
62 59 95
49 78 52
28 11 21
75 69 6
35 73 75
7 83 47
62 44 84
65 83 43
51 39 32
4 64 27
48 55 54
44 31 91
86 23 47
79 67 41
23 68 11
57 10 21
98 85 64
23 74 80
46 4 73
12 83 57
83 88 33
13 64 55
7 38 80
80 33 25
28 53 36
28 16 5
17 89 70
34 9 32
45 19 56
16 79 40
63 74 95
63 75 34
60 24 94
99 60 89
83 15 78
19 78 93
6 68 91
20 56 69
61 95 87
91 2 12
68 13 87
20 94 40
34 66 96
62 18 5
90 67 82
47 66 68
95 52 21
19 61 77
75 2 67
97 37 34
4 86 31
87 37 39
20 73 91
72 15 93
37 13 100
79 7 62
21 1 14
55 4 97
7 78 53
90 98 72
17 53 33
73 81 29
16 74 2
49 43 41
100 89 76
86 25 64
81 38 43
52 71 59
83 62 4
33 29 79
47 27 41
99 26 64
71 76 48
12 25 45
91 5 25
19 41 36
52 37 89
58 16 65
90 63 36
44 62 13
83 77 15
18 13 17
2 98 62
12 7 78
68 82 88
100 31 11
11 83 30
75 97 39
100 84 31
100 66 7
61 18 70
23 66 83
14 10 10
16 86 48
35 55 63
84 79 64
16 12 2
8 47 90
13 15 75
23 17 75
91 2 11
48 77 79
57 38 52
68 55 29
34 38 11
100 26 16
44 71 96
50 22 86
20 18 1
1 87 21
55 98 32
37 59 59
19 32 69
67 48 15
78 53 78
84 71 12
52 96 17
28 58 46
15 29 66
76 78 55
21 53 4
13 66 1
67 60 11
1 81 66
98 42 24
12 100 82
15 19 12
49 97 30
63 18 95
29 81 85
1 28 70
17 26 74
22 42 25
74 32 14
75 79 54
83 25 47
56 61 7
19 23 85
45 54 78
69 96 28
66 19 66
0 20 25
98 57 37
11 10 80
100 64 45
38 87 35
53 89 74
28 88 81
23 70 19
0 89 69
4 99 54
11 69 57
5 98 52
27 39 58
35 57 4
99 95 91
46 54 18
39 62 18
45 70 62
77 46 98
93 62 100
36 17 39
70 67 75
51 82 15
42 67 86
63 5 13
14 36 81
58 36 22
84 5 4
49 42 78
29 11 42
80 94 17
47 71 80
87 40 57
90 93 62
81 16 88
44 19 7
56 6 32
28 2 36
29 35 24
19 67 40
0 10 42
50 20 90
33 17 14
25 17 18
47 88 70
90 16 86
47 66 45
27 61 19
82 47 46
17 43 82
82 47 30
92 3 36
100 35 40
82 98 10
23 58 58
94 30 67
81 3 94
9 67 98
98 38 32
53 100 79
39 42 75
50 82 26
59 96 91
57 64 92
84 58 8
94 30 5
13 63 44
90 76 61
87 21 91
46 83 61
13 17 1
76 86 17
14 59 83
79 88 11
49 11 58
36 60 91
41 98 74
84 90 42
50 22 39
21 81 30
34 26 6
69 77 100
31 10 68
12 88 91
75 55 81
97 40 45
16 58 27
8 100 13
1 94 5
87 20 40
61 71 58
76 47 70
87 93 35
56 65 95
39 43 22
18 69 54
25 74 22
84 75 56
21 28 21
98 100 65
34 44 91
37 62 67
73 35 23
46 38 10
30 60 84
42 12 84
10 33 33
9 3 8
4 78 15
100 45 18
61 63 52
90 14 81
45 24 72
63 53 74
55 80 45
53 80 34
93 5 46
45 58 33
91 77 4
0 55 55
64 96 55
73 60 73
43 97 35
55 47 53
100 66 13
24 8 15
67 45 63
93 21 57
2 1 3
22 64 65
84 63 23
92 100 81
97 81 53
100 91 18
57 53 73
1 52 5
83 27 46
75 97 59
100 1 1
20 46 39
89 80 48
25 40 82
67 56 15
37 33 18
42 35 78
81 8 37
99 91 5
87 66 72
95 21 59
28 44 77
98 85 38
97 10 17
53 90 67
75 18 61
2 36 39
99 58 92
65 77 89
48 48 69
75 96 31
73 7 6
94 30 1
60 81 24
55 2 71
5 77 17
24 84 57
30 9 85
67 3 26
76 10 62
4 90 64
38 27 52
38 73 58
36 64 15
52 39 2
32 68 96
49 35 2
100 37 76
98 69 74
41 97 68
36 4 21
28 1 34
35 45 55
89 37 94
18 82 44
6 23 99
7 95 21
76 87 22
28 89 30
87 47 83
11 92 53
64 25 83
98 28 93
1 23 28
53 28 74
57 76 73
67 43 20
75 37 68
16 46 80
95 11 94
77 46 25
1 74 53
80 32 67
75 46 17
34 85 73
88 93 40
36 12 28
15 100 82
58 20 22
70 42 40
41 54 55
77 67 94
0 27 62
58 58 81
99 61 22
61 11 97
100 23 20
43 19 26
95 82 27
65 69 32
12 3 26
75 63 74
21 88 44
96 46 59
85 85 71
80 74 70
8 58 1
48 52 2
25 60 20
35 8 16
77 28 9
91 63 85
78 71 68
10 34 81
8 78 93
34 54 33
46 59 25
97 40 88
35 87 31
91 47 20
41 9 44
93 73 82
48 62 3
82 19 81
85 33 65
48 19 14
22 28 37
71 8 8
63 43 23
3 66 73
62 17 79
65 19 26
18 75 3
59 30 79
67 73 45
21 94 36
86 14 22
27 65 77
16 96 54
53 22 1
48 86 21
55 3 20
15 73 20
32 98 7
56 35 42
75 53 41
44 27 57
37 56 98
92 33 47
18 18 95
93 94 28
35 9 73
96 33 27
9 72 95
34 59 57
100 97 2
9 10 84
73 91 41
15 74 4
7 72 10
90 37 82
24 26 19
82 87 30
59 75 48
75 9 23
10 33 21
19 77 96
33 34 86
74 76 22
69 26 21
61 11 30
70 87 37
54 13 86
88 27 3
74 86 76
24 1 68
5 97 10
8 3 76
12 65 66
66 92 12
91 63 31
70 29 55
53 61 85
1 90 31
31 15 100
30 86 56
76 21 60
49 48 55
69 82 83
90 69 64
93 92 92
4 11 83
6 74 68
1 22 6
57 27 68
35 71 80
5 85 97
3 53 40
56 87 92
10 34 82
67 19 16
100 6 94
73 67 79
3 82 67
67 68 52
72 83 63
32 46 61
65 18 82
94 11 37
65 89 98
18 57 73
84 74 99
12 55 55
9 100 8
91 86 25
33 36 11
47 8 15
78 21 43
61 30 32
62 86 17
53 6 61
73 44 1
38 6 39
97 83 99
76 70 22
42 67 14
33 18 17
49 32 95
22 14 70
22 20 89
3 8 88
71 83 38
21 6 39
6 90 18
93 37 34
0 32 79
75 23 60
15 81 30
7 84 22
46 74 16
91 41 56
4 17 11
91 96 80
34 68 35
97 70 4
77 18 99
55 94 47
20 11 46
89 21 73
56 82 23
48 46 58
100 76 79
60 34 72
82 79 96
49 22 17
20 2 14
86 33 83
47 25 9
68 94 26
89 11 13
63 38 11
43 81 99
66 15 25
41 12 92
87 37 36
49 18 95
52 27 3
75 30 25
17 2 33
95 95 17
10 86 69
77 75 53
34 78 21
14 60 30
54 7 5
85 96 27
94 73 33
100 60 84
11 45 47
70 35 40
45 62 57
97 18 34
13 28 46
67 53 15
2 47 93
39 68 89
25 23 43
48 16 37
70 25 2
33 84 61
41 87 80
83 77 98
29 25 59
33 12 86
38 55 3
20 60 5
54 53 91
67 89 59
7 25 48
44 4 23
53 85 73
81 30 41
72 36 27
23 3 100
10 87 38
67 58 20
82 20 52
13 9 61
81 64 71
79 8 72
57 98 14
81 4 75
55 84 13
80 78 67
30 65 81
51 66 33
27 6 1
26 2 42
21 57 20
18 95 60
51 65 58
41 35 64
59 43 87
2 21 41
39 68 98
34 98 65
3 89 85
19 87 86
100 70 91
66 89 30
42 7 15
40 67 34
20 46 23
87 5 14
60 57 42
22 54 16
95 61 13
4 8 40
43 24 79
59 31 96
66 69 9
34 5 87
26 4 85
3 40 45
20 98 70
0 54 4
25 76 48
100 90 10
34 10 100
38 18 100
88 5 55
58 91 89
4 64 60
26 57 61
61 9 64
52 36 12
99 70 86
70 70 72
72 69 8
36 67 58
99 92 60
31 43 35
46 13 25
13 55 55
14 30 25
75 56 53
78 3 72
79 94 60
16 20 69
63 39 40
54 31 99
85 12 5
27 5 38
43 9 84
70 57 74
17 63 22
52 58 41
0 53 42
72 45 65
21 89 97
19 54 59
58 12 24
46 18 82
4 47 5
57 75 37
60 100 78
76 5 76
55 68 37
7 52 33
29 23 13
39 39 55
65 39 45
85 85 34
25 55 35
90 58 66
67 83 21
96 95 29
86 67 92
61 6 25
68 85 59
28 100 1
85 86 56
96 80 66
79 48 79
84 1 80
96 23 79
71 75 25
83 12 56
55 82 52
64 76 28
37 54 52
97 48 53
5 34 58
68 76 65
14 12 58
75 12 4
22 21 46
97 69 86
24 81 77
38 42 11
31 11 66
24 57 9
41 88 72
35 22 38
15 70 53
16 86 46
58 90 100
79 31 94
21 61 42
5 4 81
34 21 80
13 68 39
89 41 20
77 61 9
100 87 47
90 22 23
6 90 7
87 63 13
23 65 87
39 5 38
95 23 15
11 32 65
54 6 54
100 31 47
45 94 28
84 70 75
69 3 81
16 39 79
22 75 38
36 93 63
13 35 36
7 68 97
71 59 9
36 41 40
6 54 76
17 37 79
0 44 99
91 48 60
3 75 98
61 11 61
50 66 61
76 23 47
67 12 75
46 13 67
81 58 33
19 71 93
74 29 63
75 33 74
41 85 26
99 62 71
22 61 99
51 7 31
7 29 86
11 99 88
15 14 85
75 83 75
53 92 12
66 20 11
82 24 95
91 22 82
2 86 38
51 57 31
37 21 1
95 22 15
15 12 1
18 66 28
73 43 35
69 39 59
30 94 18
82 93 96
62 46 1
61 12 61
21 99 3
29 90 66
44 88 41
25 69 7
1 95 53
84 93 54
79 4 33
7 52 70
54 28 35
22 45 39
9 77 77
81 69 83
43 82 18
63 90 6
16 5 23
47 52 75
96 23 25
23 5 33
25 65 34
38 91 22
65 77 35
31 57 62
19 77 72
0 34 29
79 13 6
81 79 13
81 88 84
95 20 58
52 27 39
23 89 93
28 37 95
79 46 84
47 74 14
60 81 83
11 97 8
8 90 85
26 7 46
61 29 41
73 100 14
30 5 25
56 92 59
97 44 60
60 2 68
100 89 79
97 61 94
76 58 19
16 48 34
20 56 46
100 98 41
13 45 52
96 67 6
74 32 16
13 42 34
100 61 33
22 15 99
70 59 36
46 13 17
57 85 91
43 72 63
74 73 98
23 35 44
24 24 77
72 96 80
57 58 89
72 98 89
88 55 34
18 75 8
31 30 58
66 26 38
97 16 13
21 52 78
70 15 34
86 15 32
57 41 42
4 95 82
93 26 48
14 72 37
86 41 9
66 90 100
35 43 32
12 72 83
48 100 27
61 87 41
86 54 55
20 41 6
79 100 64
30 17 52
7 84 93
33 20 79
88 40 84
48 64 69
34 15 71
93 28 75
56 43 8
66 25 14
89 42 1
64 85 30
37 3 58
7 13 7
82 55 91
77 83 58
34 29 37
85 9 98
18 56 55
93 8 68
97 24 78
83 83 38
13 15 91
55 12 25
20 14 88
30 64 56
51 61 55
15 28 37
18 89 10
88 45 37
38 36 53
4 47 1
8 7 32
55 58 79
88 58 41
75 31 59
87 81 48
55 65 61
94 6 97
72 82 11
29 21 13
24 66 29
97 14 17
97 96 54
33 58 9
55 77 36
100 18 7
16 10 4
37 73 10
88 76 98
96 100 18
65 91 93
7 54 41
89 84 47
56 80 4
4 80 61
44 52 32
99 99 99
60 87 90
89 80 24
39 85 37
83 56 97
93 54 6
55 94 1
94 20 21
100 54 94
59 82 94
100 68 14
52 79 95
21 60 67
91 10 57
35 68 35
3 19 75
34 67 6
83 21 71
10 22 55
61 38 36
