100
25012
88083
2661
6533
3797
5216
96147
1112
38832
2966
89111
4914
1402
19496
10363
5491
53444
97231
2278
73646
6153
47544
3007
90684
7075
1099
10965
4765
5938
74081
31368
5949
70104
9286
69277
98918
2091
40601
57952
89683
73599
8793
8734
98548
50933
1252
44668
1446
88453
88984
27471
7466
18164
61301
8007
4264
1377
58431
58664
9715
5879
6043
12076
3392
4437
3841
13984
41275
5181
66322
16211
8633
5322
3599
98202
8098
5649
8182
64178
1113
7527
69852
10721
8185
43899
8823
3267
94412
7918
59758
16997
5368
8101
57962
42779
8525
9753
2902
9343
5265
