10 10 6

0000000000
0000000100
0000000000
0000100000
0000000000
0000000000
0000000000
0000000000
0000000100
0100000000

0000000000
1000000100
0000000000
0000100000
0000000000
0000000000
0000000000
0000000000
0000000100
0100000000

0000000000
0000000000
0000000000
0000000000
0000000000
0000000000
0000000000
0000000000
0000000000
0000000000

0000000000
0000000000
0000000000
0000100000
0000000000
0000000000
0000000000
0000000000
0000000000
0000000000

0000000000
0000000000
0000000000
0000100000
0000000000
0000000000
0000000000
0000000000
0000000000
0100000000

0000000000
0000000000
0000000000
0000100000
0000000000
0000000000
0000000000
0000000000
0000000100
0100000000
