35

10
37 38 39 40 41 42 43 44 45 46 
47 48 49 50 51 52 53 54 55 56 
57 58 59 60 61 62 63 64 65 66 
67 68 69 70 71 72 73 74 75 76 
77 78 79 80 81 82 83 84 85 86 
87 88 89 90 91 92 93 94 95 96 
97 98 99 100 1 2 3 4 5 6 
7 8 9 10 11 12 13 14 15 16 
17 18 19 20 21 22 23 24 25 26 
27 28 29 30 31 32 33 34 35 36 
2
3 1 
4 2 
5
13 14 15 16 17 
18 19 20 21 22 
23 24 25 1 2 
3 4 5 6 7 
8 9 10 11 12 
3
2 1 6 
9 5 7 
3 4 8 
9
79 1 30 54 6 53 46 40 17 
8 2 20 39 52 60 31 43 77 
47 71 14 22 9 66 27 72 63 
75 65 10 81 38 32 69 33 4 
37 74 61 18 25 28 48 5 73 
80 67 50 3 7 45 26 68 36 
35 41 15 62 12 24 76 78 23 
34 57 56 19 49 51 59 42 13 
11 44 70 58 16 64 55 29 21 
6
29 13 8 30 11 32 
17 26 19 4 28 15 
25 2 36 7 24 21 
1 14 23 5 31 20 
9 22 27 10 16 18 
34 3 35 33 12 6 
10
85 37 68 9 15 52 13 62 7 87 
98 5 18 75 80 73 92 90 33 21 
93 25 100 36 69 63 71 74 22 4 
88 96 17 72 43 91 77 46 44 40 
48 49 45 66 55 34 35 95 12 6 
28 78 76 79 82 1 89 38 53 47 
51 54 24 10 30 81 16 27 41 97 
29 56 59 83 39 61 94 3 26 70 
64 84 58 99 32 2 31 57 60 20 
86 42 50 67 11 65 23 8 19 14 
7
46 20 13 10 38 36 40 
6 15 7 9 27 1 48 
8 11 49 14 32 33 25 
17 31 30 47 28 16 21 
26 39 2 3 34 44 18 
42 5 35 37 29 43 12 
24 22 41 4 19 23 45 
10
59 35 58 13 63 32 61 16 80 1 
31 8 25 9 27 3 88 90 33 28 
37 14 81 98 45 94 55 12 66 54 
22 36 11 67 4 82 62 20 46 77 
2 56 44 42 68 99 89 40 5 7 
34 65 10 57 74 26 21 76 23 92 
64 72 75 71 43 84 91 17 78 24 
6 97 86 73 38 83 95 48 53 51 
50 41 18 15 85 30 69 49 87 29 
100 93 60 19 52 70 39 79 96 47 
3
5 9 2 
4 6 7 
3 8 1 
1
1 
3
6 5 8 
7 3 2 
1 4 9 
2
4 1 
3 2 
3
9 4 1 
7 2 3 
8 5 6 
9
37 38 39 40 41 42 43 44 45 
46 47 48 49 50 51 52 53 54 
55 56 57 58 59 60 61 62 63 
64 65 66 67 68 69 70 71 72 
73 74 75 76 77 78 79 80 81 
1 2 3 4 5 6 7 8 9 
10 11 12 13 14 15 16 17 18 
19 20 21 22 23 24 25 26 27 
28 29 30 31 32 33 34 35 36 
1
1 
7
42 43 44 45 46 47 48 
49 1 2 3 4 5 6 
7 8 9 10 11 12 13 
14 15 16 17 18 19 20 
21 22 23 24 25 26 27 
28 29 30 31 32 33 34 
35 36 37 38 39 40 41 
2
2 3 
4 1 
6
11 27 29 35 13 19 
12 5 18 25 34 21 
23 7 30 17 9 26 
15 2 14 28 32 22 
6 4 10 16 33 31 
20 8 36 24 3 1 
4
9 6 3 16 
4 12 15 8 
7 14 11 10 
1 5 13 2 
8
9 16 27 35 31 49 34 23 
2 33 6 58 5 22 41 48 
44 55 26 61 17 20 29 10 
4 8 45 19 53 50 18 37 
43 15 60 12 24 32 21 51 
62 36 57 25 54 40 47 59 
1 64 56 13 7 39 63 38 
52 42 46 14 3 30 28 11 
9
12 13 14 15 16 17 18 19 20 
21 22 23 24 25 26 27 28 29 
30 31 32 33 34 35 36 37 38 
39 40 41 42 43 44 45 46 47 
48 49 50 51 52 53 54 55 56 
57 58 59 60 61 62 63 64 65 
66 67 68 69 70 71 72 73 74 
75 76 77 78 79 80 81 1 2 
3 4 5 6 7 8 9 10 11 
5
21 6 16 4 13 
7 23 19 20 9 
24 12 22 14 15 
17 11 25 2 3 
18 5 10 8 1 
7
20 21 22 23 24 25 26 
27 28 29 30 31 32 33 
34 35 36 37 38 39 40 
41 42 43 44 45 46 47 
48 49 1 2 3 4 5 
6 7 8 9 10 11 12 
13 14 15 16 17 18 19 
5
5 8 15 20 9 
11 25 7 12 13 
17 10 23 24 19 
2 18 3 22 14 
1 4 21 16 6 
1
1 
10
35 92 87 51 14 8 4 89 15 53 
16 60 66 47 88 1 17 11 57 49 
86 32 25 24 76 64 54 21 77 74 
2 36 56 42 55 48 58 22 72 79 
97 13 31 26 12 85 61 83 38 45 
43 29 69 96 75 46 7 30 28 81 
50 63 98 93 20 99 23 73 37 90 
70 82 10 62 59 33 18 34 41 40 
84 95 52 3 6 100 19 71 39 91 
67 78 65 9 44 94 5 80 68 27 
8
17 18 19 20 21 22 23 24 
25 26 27 28 29 30 31 32 
33 34 35 36 37 38 39 40 
41 42 43 44 45 46 47 48 
49 50 51 52 53 54 55 56 
57 58 59 60 61 62 63 64 
1 2 3 4 5 6 7 8 
9 10 11 12 13 14 15 16 
10
27 29 66 49 26 98 95 17 92 91 
13 34 9 59 47 24 74 79 30 100 
2 54 87 58 35 19 3 55 10 14 
61 62 97 52 6 7 15 20 46 11 
64 51 38 82 72 28 8 53 5 40 
37 80 78 70 45 39 89 36 44 94 
77 96 43 85 23 42 41 73 99 25 
32 33 67 16 86 57 83 48 63 1 
76 22 31 88 12 75 69 50 65 90 
4 68 93 21 84 18 71 81 56 60 
7
25 31 7 47 40 14 2 
17 30 9 6 22 19 45 
10 8 48 23 29 5 3 
28 32 13 18 24 41 46 
36 1 43 37 12 44 20 
4 15 39 33 42 26 16 
35 49 34 21 27 38 11 
3
2 9 6 
5 7 3 
4 1 8 
1
1 
4
13 14 15 16 
1 2 3 4 
5 6 7 8 
9 10 11 12 
5
11 5 19 16 10 
7 3 22 1 4 
21 2 15 18 24 
13 23 25 6 8 
20 12 14 17 9 
5
21 22 23 24 25 
1 2 3 4 5 
6 7 8 9 10 
11 12 13 14 15 
16 17 18 19 20 
