35

2
1 3 
4 2 
7
40 41 42 43 44 45 46 
47 48 49 1 2 3 4 
5 6 7 8 9 10 11 
12 13 14 15 16 17 18 
19 20 21 22 23 24 25 
26 27 28 29 30 31 32 
33 34 35 36 37 38 39 
3
7 8 9 
1 2 3 
4 5 6 
6
6 32 3 4 28 5 
9 1 30 19 31 8 
27 2 24 12 7 18 
25 13 36 11 26 29 
15 21 23 14 33 35 
34 20 22 17 16 10 
9
18 79 70 50 10 34 13 24 51 
39 69 28 67 52 78 14 59 58 
44 29 2 25 76 74 57 75 17 
36 40 65 47 38 9 80 5 73 
45 62 4 42 41 1 31 43 15 
21 81 16 49 61 30 53 63 26 
66 20 77 68 71 46 35 56 32 
33 6 3 54 8 23 72 37 19 
7 48 64 55 11 22 60 12 27 
6
12 16 27 8 4 19 
30 29 26 22 34 10 
14 31 32 36 7 21 
33 25 35 9 15 6 
5 20 3 1 23 11 
17 18 13 24 2 28 
5
19 3 9 1 15 
22 20 25 6 8 
23 10 18 5 16 
14 21 4 13 12 
2 7 24 17 11 
3
1 7 5 
3 9 2 
8 4 6 
2
2 1 
3 4 
6
1 2 3 4 5 6 
7 8 9 10 11 12 
13 14 15 16 17 18 
19 20 21 22 23 24 
25 26 27 28 29 30 
31 32 33 34 35 36 
6
1 25 12 10 22 29 
9 18 5 20 19 30 
31 17 16 2 24 13 
6 36 14 11 23 4 
35 28 33 34 7 8 
32 21 27 3 26 15 
6
17 18 19 20 21 22 
23 24 25 26 27 28 
29 30 31 32 33 34 
35 36 1 2 3 4 
5 6 7 8 9 10 
11 12 13 14 15 16 
8
54 57 2 3 22 47 14 13 
34 44 45 27 5 49 36 39 
31 63 46 59 16 60 43 9 
17 21 23 35 4 1 19 24 
32 55 53 41 38 64 11 56 
26 33 58 29 6 61 10 51 
12 8 50 52 18 62 25 7 
37 42 15 48 40 28 20 30 
10
70 71 72 73 74 75 76 77 78 79 
80 81 82 83 84 85 86 87 88 89 
90 91 92 93 94 95 96 97 98 99 
100 1 2 3 4 5 6 7 8 9 
10 11 12 13 14 15 16 17 18 19 
20 21 22 23 24 25 26 27 28 29 
30 31 32 33 34 35 36 37 38 39 
40 41 42 43 44 45 46 47 48 49 
50 51 52 53 54 55 56 57 58 59 
60 61 62 63 64 65 66 67 68 69 
3
6 7 4 
8 1 2 
5 3 9 
8
40 32 30 33 3 43 38 1 
21 44 18 47 64 57 10 19 
4 27 35 36 42 52 50 15 
59 62 26 49 54 56 17 14 
37 11 9 61 39 20 6 25 
16 41 55 7 5 63 2 48 
22 46 58 29 53 23 13 34 
24 51 60 28 31 45 12 8 
10
50 51 52 53 54 55 56 57 58 59 
60 61 62 63 64 65 66 67 68 69 
70 71 72 73 74 75 76 77 78 79 
80 81 82 83 84 85 86 87 88 89 
90 91 92 93 94 95 96 97 98 99 
100 1 2 3 4 5 6 7 8 9 
10 11 12 13 14 15 16 17 18 19 
20 21 22 23 24 25 26 27 28 29 
30 31 32 33 34 35 36 37 38 39 
40 41 42 43 44 45 46 47 48 49 
6
35 27 11 31 21 6 
17 1 5 14 22 8 
19 3 2 33 25 32 
10 18 7 36 15 4 
29 9 26 12 28 13 
24 16 23 20 34 30 
5
12 13 14 15 16 
17 18 19 20 21 
22 23 24 25 1 
2 3 4 5 6 
7 8 9 10 11 
7
47 11 4 5 41 37 32 
49 3 8 18 6 38 46 
31 36 24 1 13 19 33 
42 25 26 39 2 45 48 
15 27 16 22 28 9 43 
40 10 14 29 12 35 30 
17 23 21 20 34 44 7 
1
1 
1
1 
9
70 62 32 36 77 13 34 31 33 
60 35 41 8 16 18 29 6 30 
14 72 4 11 56 44 59 21 81 
61 79 67 47 55 45 15 23 75 
3 27 17 63 19 48 69 10 39 
66 58 42 64 20 74 46 43 28 
65 52 71 9 53 26 24 51 73 
12 80 38 25 49 1 76 50 37 
57 22 54 7 68 40 78 2 5 
6
5 6 7 8 9 10 
11 12 13 14 15 16 
17 18 19 20 21 22 
23 24 25 26 27 28 
29 30 31 32 33 34 
35 36 1 2 3 4 
3
6 3 1 
7 5 8 
9 4 2 
5
6 7 8 9 10 
11 12 13 14 15 
16 17 18 19 20 
21 22 23 24 25 
1 2 3 4 5 
5
14 2 10 16 7 
6 18 20 3 22 
23 19 24 15 1 
11 12 9 8 21 
4 5 17 25 13 
7
47 14 4 32 12 39 34 
35 6 18 30 19 24 42 
44 38 15 8 21 2 23 
40 16 22 29 7 33 11 
25 10 43 45 28 36 1 
20 27 31 48 9 46 26 
17 41 37 49 13 5 3 
1
1 
4
7 3 15 11 
12 13 16 2 
10 6 9 1 
14 4 8 5 
8
53 7 45 41 59 5 35 27 
14 43 29 25 38 24 57 26 
15 11 60 49 50 40 61 34 
17 32 55 33 62 47 58 19 
56 54 44 21 6 16 4 12 
10 48 3 52 51 31 63 28 
36 13 9 64 46 22 42 23 
18 1 8 37 39 30 2 20 
10
37 7 48 30 11 43 39 51 32 76 
50 73 56 74 99 100 89 87 18 97 
42 95 38 54 71 49 8 86 61 68 
82 41 36 98 84 67 9 13 16 14 
53 12 79 46 88 91 10 31 77 93 
58 21 24 83 70 85 94 17 28 34 
23 25 57 29 6 90 33 64 22 55 
40 26 52 75 65 80 45 47 96 44 
62 59 5 35 19 81 72 66 27 15 
69 60 2 1 92 63 4 20 3 78 
7
17 1 19 27 46 3 4 
20 47 38 43 42 9 32 
6 21 33 44 25 49 5 
13 45 29 26 35 30 8 
28 34 11 48 41 2 14 
39 7 16 18 10 22 12 
24 31 37 40 15 23 36 
9
57 58 59 60 61 62 63 64 65 
66 67 68 69 70 71 72 73 74 
75 76 77 78 79 80 81 1 2 
3 4 5 6 7 8 9 10 11 
12 13 14 15 16 17 18 19 20 
21 22 23 24 25 26 27 28 29 
30 31 32 33 34 35 36 37 38 
39 40 41 42 43 44 45 46 47 
48 49 50 51 52 53 54 55 56 
5
5 8 13 3 12 
21 6 19 22 24 
25 7 14 9 20 
11 17 15 4 16 
23 10 2 1 18 
