6
10
29 38 48 67 20 37 41 78 40 84 19 20 40 87 35 70 34 43 9 49 
5
72
66
33
51
95

25
53 115 109 233 25 81 97 105 45 147 20 37 70 152 22 119 10 40 67 146 3 45 39 83 87 189 120 235 1 33 105 213 111 184 71 93 26 53 103 215 69 112 87 111 20 47 97 146 76 136 
25
86
242
220
16
151
94
21
156
20
166
229
10
228
111
45
57
14
209
70
199
172
46
227
104
30

50
1 500 500 500 103 240 241 430 109 295 34 51 242 345 85 192 152 334 84 305 190 350 181 212 120 315 153 205 67 126 121 215 207 392 153 205 33 57 245 441 247 263 19 179 205 220 89 116 207 296 187 385 231 310 50 84 141 232 234 318 237 294 21 53 207 316 18 107 104 138 133 273 91 188 140 145 179 266 161 367 238 327 29 213 72 238 129 190 173 381 118 195 132 244 43 281 201 376 79 183 
50
303
4
253
8
138
247
430
441
179
47
221
353
498
175
25
177
73
283
326
20
444
308
174
241
340
336
34
142
375
301
102
272
221
105
73
111
175
18
346
398
290
253
465
373
154
397
295
119
396
212

15
22 22 102 102 129 129 121 260 135 317 6 127 118 172 126 149 83 166 64 86 19 124 142 332 34 182 49 132 151 284 
8
22
222
276
77
72
253
57
129

20
13 154 63 277 170 200 220 300 97 98 147 249 76 84 126 242 20 29 70 214 11 93 61 246 165 272 215 336 96 108 146 254 58 138 108 269 76 133 126 266 
15
64
178
98
100
25
64
221
148
127
71
62
216
147
109
127

15
242 434 95 242 15 60 64 175 28 65 182 285 76 259 42 81 170 295 61 173 151 169 168 231 66 119 135 211 185 213 
8
242
389
391
357
129
97
206
332

