100
4
10 5 15 5
2
100 100
8
81 81 81 81 81 81 81 0
6
23 90 40 0 100 9
2
0 0
10
100 0 100 0 100 0 100 0 100 0
10
100 100 100 100 100 100 100 100 100 0
5
27 17 99 87 1
6
13 65 23 67 80 99
7
58 66 72 24 8 21 65
8
82 71 24 92 91 77 96 61
9
45 99 74 45 10 4 2 76 27
10
88 46 76 29 48 90 37 85 99 85
10
52 24 95 49 16 59 92 73 3 69
10
2 72 10 31 44 93 73 84 83 81
10
7 26 24 20 19 19 79 65 85 21
10
88 67 74 13 96 39 17 49 3 61
10
66 18 12 47 45 40 14 68 27 8
10
50 72 93 83 95 54 76 3 40 41
10
2 23 64 63 56 4 21 65 95 52
10
27 70 15 37 26 70 52 73 16 83
10
38 69 27 45 50 87 82 20 79 60
10
84 13 92 22 72 5 52 32 33 85
10
28 45 35 37 42 3 26 23 89 90
10
22 67 75 67 18 25 83 19 97 11
10
13 34 23 86 56 10 41 51 95 61
10
34 30 20 98 95 5 98 29 23 76
10
71 8 36 16 57 17 88 84 35 5
10
62 48 53 31 69 2 33 50 91 23
10
92 32 10 99 6 58 35 19 28 7
10
18 12 39 92 86 77 3 34 42 18
10
64 61 4 26 57 46 72 98 42 33
10
3 45 56 77 52 40 18 66 28 2
10
58 81 97 81 49 18 41 22 57 68
10
15 74 21 14 89 14 32 83 24 85
10
71 24 79 74 29 12 46 52 53 22
10
38 11 73 96 67 37 85 43 36 76
10
75 35 86 39 88 79 8 24 86 11
10
51 64 52 6 5 1 98 85 50 65
10
15 22 44 92 33 59 5 48 41 16
10
49 17 60 12 65 17 56 12 87 18
10
57 97 37 64 19 63 93 26 11 53
10
51 4 93 6 73 22 30 76 40 79
10
90 70 2 46 76 55 71 61 70 66
10
9 14 5 36 43 90 97 60 12 33
10
38 60 18 33 84 49 18 63 0 93
10
45 26 11 39 56 11 16 82 60 12
10
65 91 58 90 94 30 48 43 77 78
10
24 8 29 41 84 44 89 89 14 93
10
53 77 17 55 27 23 16 60 86 37
10
41 80 17 29 43 48 84 54 55 56
10
65 10 10 60 1 84 61 14 94 43
10
69 14 29 65 13 47 31 71 6 31
10
80 63 78 88 94 38 30 58 50 22
10
45 20 46 94 18 82 34 96 92 92
10
99 64 77 62 28 80 95 3 22 97
10
26 72 24 32 14 73 7 77 49 70
10
36 20 60 61 50 39 1 73 64 28
10
71 18 6 21 34 34 20 69 84 64
10
40 5 10 62 81 99 59 77 59 77
10
78 71 94 25 55 31 37 67 15 85
10
33 78 75 85 33 9 2 71 90 6
10
21 27 93 0 41 13 70 6 35 14
10
30 56 16 59 2 81 63 17 83 14
10
27 43 65 38 15 88 22 96 51 67
10
88 81 74 49 92 39 12 10 58 6
10
98 25 44 84 85 63 66 14 66 72
10
21 35 10 88 90 45 76 69 14 52
10
93 68 58 0 4 39 62 79 34 31
10
42 62 32 20 3 80 8 39 40 6
10
44 20 30 49 37 26 23 85 76 88
10
43 42 43 54 57 82 85 4 87 49
10
35 9 95 42 14 47 60 24 48 46
10
44 1 36 34 64 63 25 61 87 63
10
32 29 72 57 16 61 59 49 2 10
10
26 22 72 49 44 65 22 92 23 13
10
10 86 64 85 42 55 28 15 91 91
10
74 35 29 11 82 73 90 10 66 96
10
1 52 48 79 78 90 69 52 56 7
10
49 42 50 46 18 69 59 67 23 95
10
86 62 87 1 29 74 41 73 61 97
10
96 77 45 97 45 63 29 57 52 13
10
93 95 79 81 37 56 75 64 45 88
10
25 94 2 79 57 57 69 94 71 42
10
15 92 25 15 95 2 3 72 7 29
10
92 34 54 54 90 56 84 99 20 44
10
56 92 74 33 8 57 76 68 81 80
10
28 7 34 29 52 70 53 27 92 74
10
36 72 54 73 14 11 91 48 10 8
10
55 59 61 55 29 85 24 85 45 33
10
6 94 72 65 28 44 19 73 94 55
10
9 21 44 30 78 60 8 32 49 26
10
23 9 13 13 80 68 83 48 84 20
10
40 62 46 68 43 25 86 43 97 64
10
96 15 91 63 10 20 8 58 19 50
10
83 55 67 78 51 35 86 28 15 41
10
53 63 43 88 66 86 43 41 44 81
10
35 59 44 81 16 19 78 13 14 9
10
76 16 67 4 18 81 65 9 98 89
10
62 92 51 85 46 98 59 82 22 56
