100
2 4
10 5
3 12
7 7 7
3 12
4 2 1
5 1000000000
25 25 25 25 25
2 2
1 1
5 5
1 1 1 1 1
5 448257424
1 2 3 4 5
5 915742169
18 7 21 11 25
5 491221555
5 5 5 5 5
5 936633592
3 3 3 3 3
5 998303876
21 21 21 21 21
5 811435580
23 23 23 23 23
5 928112024
13 13 13 13 13
5 378359249
24 24 24 24 24
5 423317909
18 18 18 18 18
5 741956861
10 10 10 10 10
5 758656917
8 8 8 8 8
5 673915626
4 4 4 4 4
5 668939821
2 2 2 2 2
5 878745991
4 4 4 4 4
5 5296507
9 9 9 9 9
5 936934765
11 11 11 11 11
5 730117889
10 10 10 10 10
5 26723614
1 1 1 1 1
5 900407875
20 20 20 20 20
5 403891167
19 19 19 19 19
5 517035971
7 7 7 7 7
5 873213582
6 6 6 6 6
5 164537670
3 3 3 3 3
5 225015347
1 1 1 1 1
5 595345111
9 9 9 9 9
5 829636193
2 2 2 2 2
5 97121089
4 4 4 4 4
5 179379864
1 2 3 4 5
5 483355407
1 2 3 4 5
5 415527835
1 2 3 4 5
5 696098486
1 2 3 4 5
5 341097377
1 2 3 4 5
5 975941624
1 2 3 4 5
5 720503143
1 2 3 4 5
5 955094006
1 2 3 4 5
5 806988904
1 2 3 4 5
5 653123421
1 2 3 4 5
5 146143589
1 2 3 4 5
5 758514309
1 2 3 4 5
5 174052315
1 2 3 4 5
5 512401777
1 2 3 4 5
5 207127935
1 2 3 4 5
5 115926825
1 2 3 4 5
5 671900872
1 2 3 4 5
5 196122995
1 2 3 4 5
5 695201206
1 2 3 4 5
5 892965652
1 2 3 4 5
5 853435019
1 2 3 4 5
5 130704967
1 2 3 4 5
5 930936910
1 2 3 4 5
5 289749039
1 2 3 4 5
5 664370123
1 2 3 4 5
5 216806697
6 15 1 10 22
5 262815448
15 9 18 13 3
5 667912328
1 13 5 1 3
5 392637915
11 12 11 20 19
5 63407857
9 6 21 11 11
5 771483624
2 13 4 11 23
5 842175060
20 25 12 1 10
5 689047967
13 10 16 16 23
5 279685836
9 11 6 10 1
5 649395206
3 8 21 25 19
5 282481213
16 5 23 7 19
5 602901684
1 12 8 12 22
5 153568793
11 21 13 14 6
5 986936966
6 7 13 10 21
5 247670653
1 16 5 11 24
5 520549397
22 20 15 22 17
5 885565901
14 8 11 4 16
5 88093440
14 9 10 1 23
5 386638667
25 9 25 5 22
5 868488900
8 3 3 17 1
5 937794109
9 22 19 6 1
5 464062693
10 5 2 10 18
5 806937543
20 20 19 7 1
5 993737340
7 23 23 23 9
5 478602522
17 25 6 4 16
5 479527764
5 16 5 4 17
5 968176945
18 22 18 22 18
5 953522441
20 11 16 24 13
5 711207837
22 24 15 17 19
5 950358681
23 14 4 23 24
5 669064874
20 21 24 3 10
5 845322007
13 11 24 5 23
5 864417783
15 15 22 23 5
5 100744156
4 15 9 5 11
5 388639468
24 5 22 13 4
5 171406988
24 6 4 2 2
5 36521495
3 5 14 24 22
5 101724998
17 12 16 14 24
5 631439608
17 14 23 7 8
5 587068446
22 4 1 10 5
5 362839133
13 25 23 20 21
5 50132276
23 4 12 12 15
