80
111 818
-385 -954
-261 -381
666 523
-380 -181
602 85
-1000 -72
-750 -786
502 -169
958 -981
-675 -580
-911 -401
-227 -552
-498 371
-777 -916
-865 508
-807 453
100 -958
367 500
504 -609
378 180
-133 302
-614 -662
186 92
686 -428
337 -441
-361 -474
-472 -835
-802 118
-92 905
-910 -220
341 -268
-749 -40
323 -649
429 -917
839 731
152 18
-178 740
8 -22
-497 968
87 -226
212 -943
-469 -828
22 -372
912 885
66 -104
297 -62
216 -521
-764 743
-225 59
-266 666
850 -397
-376 -969
-350 -520
-282 756
348 -460
215 -255
22 217
365 -564
-16 -686
627 -351
529 585
169 -69
-830 238
-218 747
267 -986
814 -474
-397 918
-60 -173
71 829
331 -322
-712 339
960 -314
386 -911
-484 513
123 -30
957 -121
-939 -433
-830 468
583 859
78
-1000 264
-473 -771
-769 5
-28 -70
-957 929
-21 -433
906 -331
-389 -961
999 997
-197 -60
-784 947
954 -144
-358 480
-526 -376
-66 616
861 641
-704 -747
-377 -266
986 -459
-829 -557
-292 -678
-136 -254
278 -695
683 -680
63 615
16 734
794 471
-177 728
230 131
-167 -646
-88 446
-339 -991
-638 589
-823 -226
894 802
-764 -964
-788 -319
-31 269
140 31
714 -411
-959 398
211 357
80 -704
155 -273
978 389
-441 356
155 258
-571 541
-121 992
-316 221
-204 -235
910 -854
224 -560
412 882
10 852
-777 -247
354 -302
-521 208
-415 788
-481 920
590 729
-676 -955
77 -633
-523 835
-733 -846
-356 -616
203 -957
353 -761
547 -861
144 254
912 -999
-416 -915
-224 -972
22 -30
930 867
-646 937
375 -239
931 -434
12
462 -768
-326 917
-340 -33
-630 -289
-616 -403
565 -314
654 -339
691 -379
-301 939
-520 -441
9 158
-593 881
49
990 -516
-560 615
-126 -143
254 301
-298 667
213 143
725 -15
-916 -488
141 111
575 -36
-464 860
15 -308
-43 851
-658 -475
285 -276
-408 159
507 572
282 304
881 -941
110 -916
471 -771
377 133
-583 719
-57 -44
416 -322
35 -768
-418 536
-85 853
627 -383
-244 -758
-532 974
218 -861
-453 570
-4 -811
-292 633
-947 -127
986 -505
206 812
-758 -309
-855 -752
222 648
786 -585
41 -563
485 34
-253 726
-622 853
367 -183
487 -52
137 -232
56
474 585
279 -340
-490 -434
795 193
-284 73
-257 255
450 -681
-509 9
-186 306
-139 665
838 718
-921 -420
647 -948
881 -897
-138 -567
-210 -685
-873 793
-989 -637
-601 -556
-147 567
600 -475
130 -952
829 -687
293 819
311 549
-241 -424
471 -386
-370 -135
-353 -361
-549 226
547 -934
904 -147
421 -183
-91 -519
239 -686
-877 -196
-814 325
-77 -789
992 -174
-855 86
225 794
-251 -119
-685 -899
418 994
486 188
-297 -264
-854 937
459 -656
236 -967
188 872
351 -721
834 -295
-136 -128
29 926
-869 404
922 109
79
858 503
375 -888
90 -564
741 -213
552 -781
-2 -539
379 950
554 573
-401 674
-141 305
-193 -381
-757 406
-318 -265
646 890
-543 648
-787 -119
-580 457
-18 671
795 785
26 683
-185 -637
-821 -462
81 556
228 531
874 402
477 878
892 293
-661 -619
-487 912
-392 -110
83 737
-144 -322
959 662
-108 603
107 114
231 428
-825 -81
-830 -32
-84 -567
942 938
255 -353
-189 -85
635 -125
-449 456
29 9
0 -553
-782 584
116 23
672 730
913 691
-365 191
963 -483
-326 -200
-731 928
-673 -225
88 -544
-93 643
223 -326
821 -521
218 -416
-643 626
-769 376
432 -141
129 43
742 -505
894 -793
-491 219
-668 -45
55 -391
407 827
-337 338
112 554
-917 -60
112 415
206 -519
378 332
-884 750
-40 902
-370 113
15
-172 733
-30 304
-675 803
-320 -342
148 -561
8 -257
-297 -982
13 -794
-197 -505
344 544
-466 -737
296 -456
317 445
-805 -89
74 -212
37
779 296
-185 -455
-611 -322
-569 -866
-611 139
106 191
-16 -202
307 -568
184 -572
559 -285
762 970
152 -539
853 -560
926 -509
584 453
661 471
1 750
699 -15
-114 775
155 -484
-575 472
141 940
-992 -311
-81 -474
846 -659
276 -256
-624 -100
232 69
-73 -246
-458 -704
-316 -519
815 94
-832 -219
-145 -403
14 -274
851 -665
602 -576
78
-133 -292
922 -886
-373 417
974 -988
-663 -316
-650 -795
621 820
594 -417
297 -229
-189 -382
-783 691
-931 -331
829 -539
-317 -725
753 821
-961 -829
-54 714
182 28
-518 523
341 -132
262 832
-260 991
631 251
828 671
-81 -587
-104 644
-881 699
-169 410
-271 -381
-415 580
-117 11
310 313
735 649
637 -354
-267 950
996 460
-872 623
-269 -310
126 890
-459 731
679 -993
-798 -376
-613 -645
-738 642
-659 599
-464 -861
-324 -240
-516 -606
892 752
-400 996
434 -348
454 -555
-756 979
938 581
868 -869
363 581
-436 -587
927 -579
304 218
695 313
-163 277
-7 -519
613 719
-367 201
529 710
713 -937
-756 -52
-844 285
755 94
-423 567
428 -918
237 -63
-27 423
-413 858
759 705
101 372
767 -985
70 269
73
438 -475
612 -623
-725 680
-62 -134
-728 975
-182 -567
-466 775
159 -783
120 192
-470 -506
50 940
-649 -975
628 233
897 -536
528 578
-338 -746
-436 -203
879 602
-523 639
455 -692
-35 -647
-134 884
-229 -968
-869 -615
335 532
-376 -182
287 29
284 383
15 -551
-982 429
587 -783
-931 -939
-589 -263
165 392
-381 -54
884 163
684 722
-235 -959
-660 -962
661 544
13 -611
-101 390
649 -298
202 -574
798 854
475 225
82 473
-983 999
-815 -679
271 -357
-913 -236
205 191
-196 -837
-116 857
416 -333
-64 910
952 625
-62 846
-633 668
88 -724
-962 862
-829 50
815 560
426 -649
-745 -768
856 95
-266 -733
-103 -820
-351 -778
-99 -412
-401 879
52 555
273 -659
57
478 -222
91 -749
166 -947
-854 341
554 -162
736 987
28 857
909 748
-301 463
-501 649
-433 -594
-427 -30
157 -444
-981 323
-499 228
-601 -375
-413 791
931 -74
-817 399
751 767
510 -354
699 873
721 63
-281 209
-869 544
673 740
-240 442
-657 -851
196 -516
-835 259
752 694
-256 820
1 -578
849 295
-221 -92
863 -501
484 -843
532 91
50 439
291 -759
-26 749
945 461
-867 793
101 -935
593 -312
-404 570
963 67
-53 43
102 912
-606 -221
-451 520
-170 -896
284 813
471 211
-389 719
-864 -834
-692 -919
17
-537 -703
-576 -750
-987 543
884 -294
-583 -317
182 -883
694 547
-988 -524
434 -163
-921 -578
412 868
191 848
-60 992
702 -992
377 -618
-230 -468
128 -182
25
-89 -550
-283 407
-926 -189
-841 577
973 250
-844 721
-375 -637
-349 -677
97 944
113 -386
-190 28
127 -50
-532 -707
-479 -990
-848 -880
-693 -176
-87 918
433 -967
752 -978
-149 465
401 264
-684 -291
-648 527
24 836
-967 643
18
-670 410
993 926
-391 -303
708 924
-348 -128
-313 -407
138 194
-408 -643
-846 923
943 463
-777 -929
369 -546
839 -76
693 -83
641 -200
148 40
-935 627
888 100
64
-46 -800
-697 -149
-233 530
-134 -854
676 500
-29 983
747 556
-242 -21
-26 -922
90 120
537 854
290 555
-73 -625
-744 439
-631 348
404 -209
693 -442
348 -138
-266 -18
94 352
211 629
-742 699
-369 -730
897 358
-291 -392
-565 -407
-455 331
-953 842
-512 -143
-269 -577
-642 -419
-789 951
193 -406
-914 628
800 943
-807 -693
-89 -292
382 -714
578 -999
-401 790
-109 -345
-49 147
-769 313
-27 589
570 -684
86 -938
-701 894
-555 677
-928 -311
-88 440
-967 848
402 445
-490 -484
-897 -349
670 -517
401 876
602 -820
-452 954
-974 -997
621 -79
246 -601
135 -435
-523 62
84 1
69
-285 -930
-798 604
396 449
-370 -449
-609 355
20 -547
207 -325
36 -545
997 -296
-230 456
551 -20
601 -985
554 140
-733 45
55 -943
430 449
-177 800
771 425
664 -46
-472 92
801 135
27 -429
207 812
456 -236
253 -527
677 -215
236 -678
-427 -338
-36 -829
307 -852
312 -953
-266 906
-732 -643
946 503
149 -415
-994 392
984 -394
-114 -35
-889 -997
51 -939
990 -904
-208 279
-373 325
578 -336
682 602
-859 210
359 -638
-569 819
-146 769
966 87
146 -770
-274 552
-592 -525
768 223
-39 201
662 284
633 381
303 -254
373 -523
337 -700
-800 -246
809 786
-251 589
-682 -249
-97 943
712 119
62 979
-768 -540
-999 -162
90
68 169
-778 54
-929 -786
-591 -463
-782 728
-1 -871
572 -929
-597 763
-771 -196
-222 -982
356 148
282 354
143 -556
-219 637
473 109
-353 456
-640 -274
-961 623
464 662
-675 -347
812 -838
-577 -59
295 35
-833 -793
-79 843
529 353
615 -484
499 -949
-550 105
-730 -606
-553 -917
305 379
376 -342
-25 950
259 -106
-358 48
-770 960
586 -448
-73 -576
624 -418
-897 -653
520 -442
265 774
-535 -112
514 393
-17 -924
-386 -407
-412 548
-512 -299
595 -722
918 263
423 437
-421 832
240 -772
37 -428
895 -205
-922 -630
178 -295
-601 -561
939 -927
-703 -115
-86 -738
367 -938
-876 768
-582 -778
346 893
328 89
505 825
205 -100
-276 229
-431 816
-719 278
-806 -278
433 409
-270 594
-446 231
441 831
-410 789
-927 -588
-80 235
447 -728
727 946
529 -672
913 -280
-312 321
802 -422
17 -185
-938 928
720 192
-978 -462
92
530 603
-693 123
794 336
-404 77
629 831
816 -919
976 -967
226 893
-833 -246
26 860
-779 -495
-77 247
572 690
232 351
-535 878
-327 -960
808 -409
859 -738
-710 -248
-672 929
-381 -363
-194 450
-258 435
-165 -765
625 -274
-670 149
-500 484
-389 559
31 -362
-168 281
963 -778
-409 -195
500 -439
773 -247
-239 -935
270 -524
-326 505
430 482
-859 932
-578 -432
887 167
-521 802
-983 -753
-788 -808
457 -564
-983 767
234 765
904 -299
525 -643
-337 -348
820 -504
-239 893
-503 -56
-270 -414
-692 -152
80 127
786 906
-621 -833
-189 -443
-678 725
-172 -303
-517 937
-681 -751
-829 987
-911 -660
-878 -366
-818 -944
187 51
-701 -511
-458 667
352 -628
-140 788
492 150
-826 335
343 436
-991 -904
-5 642
-580 -789
-882 970
-609 -68
-385 -939
-306 783
572 -302
278 422
-130 -517
55 857
-323 89
962 -919
212 -247
103 991
-52 599
419 305
33
-194 -80
329 387
-527 -578
778 385
-439 908
-413 652
596 752
-865 -940
704 251
-581 -126
-192 767
450 -663
576 -824
-156 494
-738 -785
181 -23
696 918
604 427
97 422
-843 -644
-305 -297
254 792
193 -553
935 -541
-816 298
-141 807
-343 -490
762 -892
-733 17
805 -375
446 208
340 338
7 -368
94
-178 -244
-218 -817
314 -214
-653 630
-342 -152
-147 -891
795 80
-595 583
-955 -571
652 801
-366 -769
-11 26
37 -896
-288 792
-874 -526
454 -486
-857 706
-710 -203
-83 974
463 644
-11 -741
998 562
525 -686
-749 374
824 -490
-838 556
-38 867
-693 -474
-520 972
54 964
-405 694
-359 69
-57 653
776 -766
765 387
335 996
603 233
-45 432
391 -625
439 -146
-832 632
-92 -859
-277 -872
285 -211
813 684
-163 -339
-841 -416
-465 -478
296 -189
91 -11
-713 578
-592 -48
881 703
634 -305
-202 495
691 701
-730 -347
643 -163
19 850
744 127
-995 835
32 358
564 -762
-906 294
17 326
-375 -409
-220 -307
-169 385
836 -576
-681 -421
493 510
179 -238
153 -292
496 -921
706 358
154 -722
-534 -941
269 147
-51 -778
-622 491
-679 -659
-733 -896
516 276
119 -108
-225 657
-132 209
-349 61
-867 460
-877 10
-220 403
-375 -617
-773 -411
949 -659
541 221
54
-712 -365
706 162
534 -434
-69 487
163 292
-225 -580
231 -113
693 400
378 844
825 329
781 665
-695 466
195 240
878 -559
-377 832
931 -626
851 -690
890 -702
-122 -318
674 -814
-923 183
-241 -764
778 -960
-602 201
-598 819
-386 985
-868 809
851 -921
-921 -483
-701 -688
460 -294
21 -781
27 -673
885 -364
942 -817
450 -414
-42 -551
127 72
-659 948
143 -396
-680 -458
433 616
351 -974
-230 206
-442 -414
593 738
239 351
-989 486
-530 -364
-159 -545
408 -42
882 179
620 -981
-814 322
60
-569 -731
-757 43
-841 33
-835 439
-292 887
974 -432
150 -718
-547 -75
452 -210
326 760
271 -960
146 20
-97 305
35 195
-612 379
-342 -417
-572 286
460 -508
861 -468
655 -840
-540 -129
528 -205
-983 -594
-373 878
-29 -999
-332 -132
508 -174
-425 -980
22 -769
-499 -889
393 -234
231 -515
451 -796
576 -791
808 -887
291 -219
-212 -242
58 -395
-801 591
-774 102
54 317
748 -479
799 621
77 -987
543 -734
415 853
956 246
-738 509
819 126
828 -709
45 -398
-700 89
356 871
-396 -871
-298 -676
-153 -989
-54 -525
26 -61
823 152
983 -798
85
962 815
-685 599
28 102
954 448
920 510
-451 -176
845 -910
784 -304
-740 815
686 79
850 -656
115 -139
331 -147
-610 674
707 627
-349 -860
71 541
-469 -900
-844 -91
-871 -997
604 -661
-265 -781
319 -819
-939 108
701 41
-205 796
902 135
89 228
-736 784
523 754
-45 -594
986 433
-457 -348
-310 647
862 129
-173 958
-530 827
-54 703
716 873
378 -670
-739 -266
-547 -503
-48 -910
-305 -950
-669 -211
293 -761
232 -215
776 306
-843 -420
206 -868
-912 972
-380 -9
-519 -685
-745 -477
-9 -69
556 64
957 393
848 -714
527 -214
-335 -108
-979 -490
-22 489
40 -595
830 -137
-464 -311
-953 -538
36 762
-156 -375
-892 -590
-195 -454
269 851
731 -124
-516 484
-7 60
-501 -337
-437 761
-682 354
217 -962
704 906
918 -910
876 763
-808 738
-933 -95
21 -246
366 996
63
-727 25
-388 669
821 498
364 -353
-863 636
136 -576
-552 169
452 -394
511 542
-576 938
326 -335
-965 -544
-545 -431
-372 -232
618 774
535 798
-348 -729
-686 814
-36 809
530 302
552 -161
-930 -294
214 -736
14 554
605 -63
-202 36
894 -35
-489 567
-155 371
302 945
-409 -277
588 -497
-25 725
-848 461
-419 155
-299 -744
253 -747
-799 473
379 693
-821 -782
-472 -730
-466 291
772 262
825 618
-415 -941
-205 -383
-87 786
-158 -23
-141 -265
689 -543
489 695
20 -235
327 -368
711 -343
-483 869
126 603
-194 624
-739 742
-586 869
25 -820
-404 -961
-634 -429
-82 384
62
912 891
-430 -70
-512 273
-964 -946
637 721
-9 -975
636 211
-616 -564
-586 581
-773 -717
523 935
-596 -772
-734 171
-884 421
-781 -597
-107 182
-529 398
-187 -23
-792 -738
517 147
-139 267
-123 -407
720 547
-932 -665
-444 482
-424 -694
-131 -444
155 454
-322 482
-732 62
-271 655
-733 -690
54 -274
-622 455
-605 874
827 -563
-825 -626
315 -67
-91 -829
-205 -480
-692 -901
-976 567
-659 449
611 184
664 -912
-562 813
-89 626
200 645
765 138
530 587
491 -404
-914 -976
599 505
-785 -153
329 -680
-430 -445
665 813
392 775
525 -650
444 -76
625 -637
-583 579
62
-156 211
-658 -685
-734 -234
725 384
730 -267
-281 -257
-137 -542
56 517
289 -689
-44 685
-431 -641
718 -643
185 160
-258 -908
-505 -29
-114 856
-594 -28
591 -257
277 559
436 -37
694 97
-121 -501
782 500
-466 -281
-245 -81
791 900
-316 -370
-541 87
-587 -306
-428 877
-790 306
276 323
759 -852
465 -812
-350 -662
802 -903
-240 -569
-95 593
-759 481
-562 -40
901 -253
452 -369
782 888
-258 -412
47 -195
55 356
171 718
411 -166
-360 573
-952 989
-375 -157
660 561
-222 522
954 -387
-569 -716
660 449
913 196
-917 -549
358 -852
-221 -22
-546 589
-345 611
8
758 -804
-793 -21
-725 -771
862 956
135 -463
95 -451
-562 -353
810 -936
62
-92 -655
-964 841
597 -597
55 51
-44 -872
324 -54
-448 -781
291 988
-350 -289
-104 -806
407 423
-171 -360
460 -764
-711 95
-85 -610
503 190
-25 570
-315 190
-192 -959
-723 -323
-476 -908
901 858
-191 -369
554 -995
-996 -353
792 -103
243 770
891 -558
-595 601
-779 205
255 -361
-817 -141
-251 -387
348 -786
-653 188
483 932
-51 -431
-410 -773
-837 -108
419 122
817 -983
430 -380
-262 -503
-836 -822
661 880
288 107
303 -535
321 -682
136 -988
615 -713
876 142
-353 -901
-666 555
-48 342
-18 -419
30 788
535 -988
883 948
-966 498
-225 -824
-265 -591
-549 -332
26
697 539
809 -205
-802 -11
555 873
420 -350
616 -474
-481 366
-288 196
541 996
-41 -175
-507 -958
-933 806
-342 -760
126 -985
-925 86
218 -313
-425 934
-752 -938
-28 103
-456 -105
246 -434
776 -684
-307 -820
235 197
-533 -997
360 193
71
461 -964
348 -279
-837 -487
-75 -910
-403 708
598 -448
-277 -665
-779 633
-868 -896
-632 -860
565 -303
828 875
997 92
477 -666
-610 -221
948 311
-16 -468
492 -522
-221 -330
601 833
973 18
619 -123
186 93
837 812
-305 915
-316 -738
-789 500
720 -980
908 811
96 288
-67 855
-611 -836
-93 -982
-875 -801
-725 241
671 722
994 115
-400 540
-877 791
-78 -903
757 864
830 199
336 977
-982 831
-170 394
777 -121
-342 -308
-123 -16
-192 -749
-426 405
316 -458
-361 -857
-729 -239
974 -419
-461 -789
-277 29
-503 974
-196 -628
976 -404
933 -255
-478 347
-819 667
334 -803
-10 794
-188 -451
83 828
-786 291
183 608
-787 -692
-812 238
999 -303
15
-222 -146
930 -241
994 81
488 554
67 265
892 210
-722 -643
-120 -785
-789 416
-400 -914
-535 -133
307 555
763 591
-805 -470
130 -54
29
746 64
784 176
-76 676
73 573
-591 458
210 744
858 105
924 -821
-384 605
836 -275
378 850
859 74
-937 213
-839 70
-793 -927
-189 -920
-570 -172
377 -40
595 973
224 76
328 750
740 -365
-168 -636
-88 541
-987 -368
489 431
-221 741
-445 998
-96 189
58
459 -875
-551 751
761 -750
-650 -306
762 -841
962 -807
269 777
652 -270
-804 486
54 -884
-72 268
-305 72
277 916
561 -316
-253 -465
976 105
223 393
328 -59
407 569
-968 -796
-383 -61
764 -349
-481 341
353 -995
-145 -274
-660 -950
-160 899
920 -374
782 494
-546 235
-619 730
-850 691
-204 -532
-1000 -973
800 163
78 -286
-378 -96
-65 -34
434 106
829 874
368 840
568 794
-996 902
404 -237
-526 418
124 65
510 770
-360 576
-860 -97
-108 -207
-429 -10
230 -134
-296 -126
-471 874
743 148
952 187
492 31
-886 -772
70
-600 -860
326 567
63 61
-511 -428
-15 -634
-875 -108
-601 374
-88 447
204 -592
519 795
52 -154
898 -342
765 663
-936 -682
426 92
-458 -457
-435 -56
-457 455
947 541
-959 -998
-373 -800
-503 482
593 361
-477 -80
-189 808
-657 -457
38 520
-591 -838
682 782
58 -852
-962 121
166 574
109 484
-642 562
-504 332
134 -781
623 -182
75 -245
-688 -618
-850 643
855 787
675 856
570 995
946 190
56 751
66 978
475 -583
603 -359
-526 387
-749 551
-514 526
-776 342
-406 -54
-864 -743
274 -950
-639 956
-937 -209
133 793
218 864
-863 -586
-891 -474
48 414
-955 -828
428 732
-7 -232
828 350
-385 617
400 163
837 -517
30 34
10
493 670
-516 -581
-17 -720
722 -524
167 -948
-826 715
-930 935
411 241
-534 173
426 -182
64
136 629
-635 -530
-843 8
441 12
-708 552
960 844
-807 -856
-481 -11
-708 926
-426 947
-378 805
814 -556
-676 988
-886 -918
403 -211
-487 -587
54 -660
516 -864
-395 576
-772 -598
979 -288
-379 216
-516 231
-453 481
-272 304
190 809
791 433
-831 333
-103 -768
294 -529
796 774
392 -44
215 444
-645 -352
-272 -510
780 -928
-748 -693
580 -362
493 348
512 835
639 -63
668 957
-229 357
942 149
-878 -57
-578 128
302 -846
313 765
-818 -84
833 -884
772 -120
-522 271
-15 -544
-981 -573
57 -911
-609 -336
-253 -170
-740 378
659 -601
587 328
498 -147
-282 -307
247 626
-848 -686
74
-58 -699
712 -662
469 -698
-364 278
951 -989
-464 192
-777 461
-482 -633
316 -872
739 -165
818 -656
944 -751
249 -319
226 856
170 -94
857 721
-346 616
758 -950
-544 -613
14 -217
-847 604
-403 -859
590 -883
240 964
223 970
-495 168
-837 205
908 -905
443 11
510 -4
-531 -283
246 -418
827 607
-552 -698
-890 -673
-444 219
-567 -547
927 -574
613 291
621 -966
-723 133
-164 37
417 -328
365 -927
-762 -728
685 -559
701 -115
104 -313
-210 601
-827 258
922 897
-341 -970
-453 -595
603 300
220 -472
25 -808
-52 -256
-590 838
-139 302
60 -20
-103 -712
621 -809
-377 639
819 -674
-427 -287
-585 -181
924 195
347 469
797 730
925 -27
150 -342
693 420
-697 -719
-880 811
65
-555 -214
-968 449
635 -358
776 361
-215 -61
-835 866
958 -529
697 550
943 -993
-678 713
-486 442
-676 -175
665 153
412 156
356 -293
-920 436
-664 317
-992 647
-667 -178
3 -899
418 -777
-24 380
684 -248
668 493
-64 709
836 -563
16 -657
842 590
214 260
448 -482
-8 832
383 944
-346 680
465 -242
285 -445
-732 480
-7 135
-931 783
807 546
664 -568
741 992
-824 -931
878 198
-922 192
681 -529
297 -606
223 224
-442 129
-814 -881
730 61
-630 -658
586 -506
-256 -991
-716 -944
359 13
280 385
-295 -193
-697 974
192 -499
-177 -199
962 -45
-615 178
-341 987
721 -967
971 -10
89
686 -502
-446 54
-369 -545
-977 539
419 -813
-625 32
247 -595
-811 254
-501 -978
-930 515
779 -493
313 43
-905 82
-291 -311
487 -851
129 743
847 495
981 363
337 279
-38 -373
502 907
-843 -758
131 526
909 -43
-736 -782
-668 -555
127 -79
62 693
862 926
628 959
37 85
-139 -184
-568 30
831 691
714 -566
-429 -385
79 973
708 -92
713 503
-334 475
220 543
-507 -568
201 313
884 -26
-883 435
929 -707
496 -426
-925 550
704 65
357 608
912 -435
851 -311
-901 -190
-265 45
-550 953
-957 106
-876 987
-752 -643
224 -899
-676 -679
-183 -784
-996 791
810 71
801 -581
-492 200
-922 -872
989 617
-819 -865
635 -695
773 380
620 -379
-226 538
531 126
-347 -222
665 412
-147 -33
-121 699
-485 -551
93 982
-499 789
873 954
-948 -794
93 -494
-621 800
781 -679
-992 -7
941 422
-100 980
446 977
60
-483 -98
699 -383
280 -453
-6 -136
875 917
-506 858
8 184
-750 -432
-454 410
-279 836
-26 -603
-920 -688
-967 -289
-592 561
-6 391
374 -988
-309 275
919 210
-583 509
948 -280
-431 -316
-40 -212
-831 580
-604 648
-126 909
-560 -886
-558 -484
474 -656
-794 -796
-368 -618
887 416
-917 608
-578 928
-244 -446
573 296
725 -892
417 -146
-606 163
238 477
896 -530
-286 903
915 -483
301 -995
540 840
-574 337
-248 -618
177 -714
-893 553
158 258
-784 113
-316 -10
-698 -617
-311 683
532 688
-522 -808
107 -163
799 523
-308 837
45 494
-263 -697
73
-378 810
663 114
287 989
-696 921
-623 951
797 -684
-916 963
353 -306
28 666
866 -601
899 878
528 -631
-666 -298
-209 305
-840 -523
329 -704
503 873
745 154
-891 650
-90 -270
-683 482
-330 202
555 -419
602 -566
-643 -60
-650 -128
-397 -362
572 663
183 -546
251 -291
637 958
-690 266
4 941
-71 -425
297 63
-239 -680
888 411
823 -151
261 -158
-109 246
-863 347
-800 -60
-218 -357
480 926
607 -296
-456 252
-492 -803
-910 12
3 401
747 326
-936 -70
-692 900
-609 901
-675 787
122 935
51 -237
498 -361
-850 -323
352 -561
-280 468
518 774
-414 132
235 603
-523 -704
376 203
270 -555
-67 73
-294 214
-197 930
0 -366
-285 610
597 -188
400 -866
13
-838 538
345 -554
-693 787
-361 -471
948 710
406 -163
706 944
-941 -547
916 40
575 615
119 350
-975 258
121 102
15
-278 -24
456 806
-202 -111
184 960
-895 -300
-143 45
-457 -520
122 -863
436 717
210 162
-610 528
265 398
426 407
-346 -590
-915 193
62
-245 -703
779 307
-488 -122
-256 441
-490 952
702 296
214 -689
-949 -561
118 -144
798 178
992 -524
908 -714
580 793
-458 -530
217 987
-694 899
-747 -904
-715 647
197 952
602 -272
-953 -169
132 -508
762 -447
-47 -416
-13 121
620 -307
888 -50
-53 116
-246 -848
789 -473
265 598
858 244
-82 -89
-735 -369
143 179
-756 -274
634 -890
973 448
-372 -732
123 -753
-300 587
673 640
380 -58
828 -202
-976 890
-830 -34
-522 868
107 343
-95 -903
-855 -901
-273 682
-313 229
-880 -261
98 939
-703 -253
-340 836
335 236
-930 589
284 814
38 -795
-671 -159
-66 587
58
-526 -845
771 -727
968 192
-547 -577
404 -852
-23 470
814 105
351 741
-163 -360
16 916
-903 442
950 358
-349 -525
-507 -64
-685 401
-690 -671
-469 535
239 -632
899 -751
469 -907
591 -644
778 993
-991 15
-171 905
-618 -322
-79 461
-59 968
-207 -89
-427 864
-41 -282
-510 -685
-734 203
626 -725
-889 -322
-812 -945
160 -913
428 -535
574 -151
-257 -310
493 -804
-604 -212
-362 -325
-370 -222
-899 427
-92 -426
-468 669
322 -968
-538 -931
931 -599
43 -855
-769 113
-92 248
-863 -896
563 740
-123 -810
201 169
-453 -163
-976 456
97
-630 -283
-730 798
10 908
155 -63
-245 359
-471 338
886 -393
625 -332
583 457
891 878
883 -303
703 824
309 -88
-936 102
-731 459
899 -295
807 -939
-722 -353
-981 296
229 798
-315 -767
-341 473
153 616
-756 -786
-959 -314
363 949
645 420
249 -774
734 803
34 823
155 -436
-389 -65
-886 508
-397 -400
177 846
8 -39
-25 471
40 298
-245 159
-194 -587
-718 -77
563 413
-817 -388
-176 367
-280 -991
-599 451
-157 229
213 432
507 666
647 843
611 -644
393 701
-839 -485
505 309
205 415
296 59
-201 -961
460 -32
665 -815
-135 -349
-221 -351
-279 885
214 252
-530 -867
521 260
139 -480
-296 57
267 747
-543 -66
869 -233
-843 253
761 742
244 726
-289 212
-44 -942
-722 -296
-412 -827
788 -619
9 45
-87 307
-884 -218
-741 511
810 -520
-703 820
267 711
-967 85
470 -204
-131 -464
-747 142
-404 -56
-391 -387
747 -539
855 -35
-405 901
603 727
606 5
258 -647
21
-651 816
92 635
-913 965
482 -312
471 66
-812 401
257 50
682 678
-41 21
-635 -849
478 -947
-698 -564
345 -325
953 14
153 664
399 892
-878 -794
686 942
-588 761
346 -392
-182 -306
14
-765 578
-254 890
739 537
204 520
-534 984
-824 319
-177 -713
535 -676
-292 -624
261 20
-655 929
375 -259
456 302
-373 828
99
790 24
-478 992
292 596
107 -22
55 605
-65 -15
775 -155
-933 -420
23 -114
-894 725
534 252
824 740
681 -309
-17 876
925 -620
-724 627
11 -274
526 -990
-473 -287
704 -663
-919 80
765 -8
566 -375
-886 530
-582 191
-584 -744
-48 962
536 232
-638 837
421 -2
821 815
622 -61
43 229
-958 -286
-924 -686
-121 -70
418 380
-539 151
788 -689
-787 809
-739 942
685 62
403 -804
366 -654
-367 311
944 -35
-475 -976
-481 338
-54 845
987 -962
367 -267
124 963
701 348
873 514
-891 -47
65 -687
-248 -614
-189 -254
-566 -718
-552 -404
793 92
115 203
369 -714
-158 876
360 -184
-14 159
-616 -757
-561 -330
-361 152
-573 -549
-652 219
-213 203
-373 899
871 260
117 179
-562 772
-839 -105
243 -926
-910 -726
618 -44
798 15
60 -420
-175 -774
-890 958
-720 620
-597 -764
868 118
-563 995
303 -993
828 37
158 311
-152 900
-600 977
-566 574
-311 -823
-227 -915
753 28
527 929
1 -624
32
691 451
-385 108
-619 -243
689 -112
839 -993
122 717
-652 913
63 -380
337 -152
-962 -592
775 555
-703 -487
519 -335
-446 873
584 -391
-324 -549
918 585
736 405
-211 446
-996 727
-267 25
-700 529
833 221
-168 799
838 792
-417 -393
85 761
-932 34
-131 -386
-486 386
726 -796
329 249
84
-31 336
-452 170
-572 235
199 280
-818 -983
705 -741
-360 821
-728 927
577 -500
31 -307
697 442
-853 890
-412 -895
-905 -440
-270 -688
-755 -541
195 -239
190 154
722 -86
-526 -810
67 -396
-786 255
844 594
214 582
863 85
-640 957
233 276
-265 -169
-755 860
-350 -959
-160 264
-23 346
413 -235
-878 435
-538 -452
260 398
36 727
403 413
-294 416
-827 -465
856 528
643 -457
649 121
104 -71
-53 -824
-774 714
-459 -674
214 -528
-917 393
-234 -716
345 -451
678 -681
-943 897
343 825
-449 495
-815 1
-639 597
517 -657
986 661
672 4
-1000 344
-986 -640
791 -438
87 586
573 -530
-176 218
-480 712
710 -745
784 945
-552 10
-905 194
-629 -668
862 82
22 493
-838 275
857 -297
543 -491
71 -467
-451 428
647 119
909 825
371 -908
-199 -235
-111 840
55
-662 -57
-507 -334
-420 966
-745 240
197 707
143 704
-148 -574
172 278
-638 848
-54 153
-452 -24
62 -533
-278 -863
846 -244
-700 577
-328 402
977 -667
720 54
152 226
-158 122
932 575
856 981
-783 614
-165 329
740 997
-597 -307
400 796
-223 -456
401 965
428 -78
693 410
944 -213
-147 811
945 -393
817 -149
539 269
598 367
252 226
-57 805
-640 -286
-959 640
-954 -242
587 774
553 220
-836 737
-37 793
-312 51
-21 59
-980 -139
464 -271
559 -31
-847 479
-277 -815
594 374
-819 -907
22
-292 -707
833 19
-859 80
314 760
-818 -560
-186 834
36 163
279 -42
439 736
-631 667
-607 -370
-355 -907
-525 -113
-506 550
-831 956
392 682
-267 694
232 822
40 -626
273 -205
-686 -483
-496 -110
17
747 -473
-949 -368
338 904
-589 5
-127 183
-341 -383
-131 -884
5 949
-642 -18
-921 555
780 421
-840 -284
414 376
196 -439
-757 -835
499 -43
-865 -856
38
-122 -836
467 564
-933 684
863 80
-374 -76
-705 107
-210 614
930 -556
-6 195
417 -606
-289 262
849 -826
-264 850
48 568
759 -305
793 984
-871 367
-850 -198
-176 229
-334 43
-440 -230
661 -156
-365 295
78 -579
65 624
940 50
-166 297
-353 929
545 874
35 -332
-752 555
-671 -389
-650 417
-162 113
495 720
148 354
-218 -458
753 465
56
-32 -453
-623 -810
947 -264
-292 175
52 -465
998 -848
803 785
-639 261
513 -925
-811 -129
647 -945
972 -755
-236 97
-482 739
679 255
-761 741
-693 94
-737 833
710 458
-711 740
134 476
511 -254
100 752
-369 885
-119 -715
678 830
-847 -304
-255 -481
-535 -975
684 -508
-755 759
742 649
34 -754
-874 815
843 142
-641 487
138 478
-706 -591
-99 840
667 631
-902 136
857 -611
877 -27
-782 -77
832 -607
-291 -470
291 -403
790 -672
-920 -603
407 442
849 -63
-704 46
489 117
-70 253
-567 186
-856 -491
5
987 -815
-553 410
117 138
235 -905
-389 -225
51
-827 240
-384 604
-924 649
260 -969
-123 140
326 -95
913 -378
-364 363
-33 124
980 -902
-164 -418
-148 -485
-844 -115
-814 -666
674 -598
-34 -322
169 680
556 415
-615 -409
271 -884
-942 -536
-64 182
-420 -185
456 953
-25 468
326 963
455 939
-155 -53
-421 -83
830 -646
858 16
770 -741
16 -228
-905 -920
-686 657
638 -105
-172 -486
-316 -154
-676 -90
-979 -40
-56 698
-240 364
-22 -138
-346 712
-331 950
740 415
-100 942
444 570
-481 -139
888 166
185 -729
19
-896 -620
912 216
-307 -369
688 -338
354 343
405 400
690 -119
-48 241
236 -246
-879 739
-635 45
-389 -83
-266 393
681 -427
554 81
485 699
-766 -206
648 502
869 -752
57
-612 -499
-233 -66
-90 -36
772 -304
-350 232
-551 -127
545 737
-159 193
-482 683
958 -44
308 -430
-712 -304
947 -600
-87 558
-568 694
602 -524
695 242
-893 750
-853 -576
734 405
-793 878
-537 32
-346 -422
538 30
-323 -513
197 299
320 -28
64 -999
-496 -399
124 593
116 185
-941 450
657 592
-742 186
-78 -184
-737 518
918 -630
633 -374
491 -772
-503 -282
-893 695
86 -559
614 130
-811 -941
-143 885
-221 261
255 -389
922 -295
462 469
-645 359
-235 -154
-417 -931
-525 49
649 490
279 -647
817 -749
979 567
63
35 -763
-599 467
65 -771
433 50
670 -217
550 -137
-790 -709
798 -270
604 485
-966 988
-340 -370
677 498
606 -559
-394 165
-594 -795
248 -356
-528 336
-42 102
831 -205
-227 520
-541 -19
269 -521
731 -508
589 792
-460 597
207 762
801 541
946 -979
485 -460
252 -455
-142 944
-81 668
522 -784
317 -660
502 -184
-466 -812
-545 -275
632 -764
99 427
613 726
-338 -263
-235 946
-860 525
-350 -154
-269 -279
924 344
-72 -781
-875 392
-240 944
163 478
-422 168
73 464
-492 444
442 143
-178 71
667 -20
708 -605
-56 -829
-844 628
-806 -861
684 -930
-615 300
-499 364
49
-591 -926
24 128
887 767
-497 -379
-65 -880
539 650
-498 658
-278 157
401 -364
56 -147
-710 -75
721 -507
-80 299
-322 -377
643 621
234 992
-241 14
40 -588
307 -106
162 -28
387 -157
718 -224
638 68
-987 611
126 -648
488 658
875 -870
431 645
992 626
-4 -284
-193 -798
-367 650
-186 -416
141 918
447 990
559 343
830 -144
-677 362
-928 855
122 589
-842 -199
275 474
591 612
-217 958
-552 -131
-39 995
986 727
-899 28
-136 -902
20
-165 -347
-730 110
-253 -640
-593 716
751 792
988 -861
-874 959
-899 833
912 -31
-32 678
349 -607
-75 859
545 611
671 -709
943 856
145 157
970 -396
-891 -680
971 674
-879 561
59
-559 -488
475 174
931 892
818 -347
78 452
-343 -689
-781 599
-391 528
-706 -331
-950 -993
-401 494
425 751
-414 -515
-419 235
880 337
-111 703
-294 -830
57 269
-676 757
901 -183
909 -82
193 286
728 108
-996 -173
397 948
164 203
-747 331
-331 -835
596 998
903 -197
929 772
-93 -802
672 930
-150 -690
-348 -922
-688 688
915 530
842 937
21 -102
-195 396
-789 -152
-547 280
-790 140
427 834
-742 953
402 -746
760 -943
-903 118
149 634
791 115
235 15
496 -461
371 45
849 -147
-392 -469
284 337
-493 328
779 565
-179 489
88
224 -935
-273 327
426 -132
128 -111
-480 907
-690 147
407 956
-329 -194
173 747
-564 -692
-543 -353
-765 -508
-643 901
893 -709
-359 256
-722 863
-974 570
-771 -317
9 -110
-775 -509
227 -307
-493 -413
-434 -555
863 901
806 -920
-723 -432
-660 199
-703 521
-231 -911
419 -489
-215 367
697 -291
548 -721
-929 -534
-898 160
-652 -522
360 -122
-19 30
-51 -406
267 -9
729 -763
-517 -577
-895 -264
868 658
-502 -299
696 393
-372 447
-369 -376
399 471
-347 -26
-374 633
881 -199
-49 -888
-547 -714
705 -978
618 994
252 794
-123 439
827 -924
998 -715
-208 -499
-642 767
942 482
-258 -286
290 -669
-771 966
864 -510
-298 948
-194 -589
540 -599
495 742
140 -642
867 185
-869 673
539 670
508 471
-827 190
314 -978
27 -631
-703 -316
-61 -756
410 -540
533 -249
-832 -170
-805 877
380 295
961 -656
579 44
30
752 -815
-837 826
211 -840
312 -386
-242 -848
657 -679
1 -829
-436 506
-611 -911
484 -305
-76 -237
-615 -608
-597 229
-818 -501
565 595
-368 213
-248 870
732 805
701 301
951 -956
-657 -945
470 -797
-862 -63
-423 -91
34 -441
505 109
-206 -477
-139 259
889 -292
-829 -655
4
-824 522
149 285
254 977
-859 237
100
67 -501
-115 -769
282 -397
-877 -563
844 785
-829 -43
-195 -429
-461 -657
267 686
-534 -704
498 876
-457 98
-662 -442
-481 -414
328 237
901 677
-454 941
-245 -200
-938 490
34 531
-622 -15
-885 -778
-30 -821
641 -817
325 -713
-578 982
298 170
-743 997
11 -465
851 91
-102 987
-179 342
-890 473
-868 -418
-316 -78
-102 -324
-661 130
360 -163
492 931
-591 257
857 299
-278 -973
-966 725
-624 731
-56 -998
-385 -672
460 -426
-514 732
-903 -696
-1 -292
-303 343
-43 -811
-399 466
-203 -371
730 -519
544 86
672 -756
993 646
-789 -949
-321 -810
-528 401
540 -574
-700 -99
-255 385
-106 -709
185 81
-709 -619
413 -635
125 -682
375 869
77 -118
800 734
700 458
-247 553
387 -520
562 867
-821 454
349 28
133 189
-684 -503
858 584
210 616
-856 508
-542 24
604 306
-710 -465
-352 184
-320 109
493 -112
-550 314
-735 -805
-66 322
-738 415
58 644
557 -445
80 928
-5 -71
148 208
374 -578
-334 -612
67
-633 -988
143 -995
168 -87
-93 -397
-227 -499
-96 -111
370 545
-894 -132
-300 466
608 -936
-808 -407
6 113
-67 849
-742 -739
170 -470
-694 932
931 -330
283 49
-142 626
-546 904
222 -854
691 275
560 937
-975 76
731 -519
-337 -111
-248 752
-908 534
-209 -20
-138 446
-225 104
480 554
-805 573
852 362
-990 -855
77 -826
541 653
-738 552
940 462
-970 -874
523 854
-764 -448
-132 419
-237 -468
-486 419
-985 -418
-904 -206
-820 808
719 305
-831 -246
-136 -204
-969 841
302 -221
-49 -342
-606 902
877 -682
-694 -287
771 -850
962 158
689 806
490 -930
-201 -47
-764 -95
-964 106
-68 456
-650 302
247 14
100
-829 -84
-796 902
407 18
-421 665
-849 517
-85 428
997 598
62 -658
124 -534
-751 312
16 -42
-420 -841
679 218
-597 -347
351 -308
556 588
350 -158
-903 660
-685 914
-349 151
163 -124
-818 715
418 -512
-731 133
-821 -13
732 135
173 -678
-335 623
537 -390
-501 -247
-594 -252
800 761
-799 -549
-505 -766
404 532
-36 299
-240 -151
129 129
391 260
380 346
-969 -284
-339 -765
674 349
548 620
-82 -21
-330 202
-803 -94
213 -265
-869 -336
505 -45
-195 925
-493 816
-451 -7
95 723
932 927
219 110
-534 -179
-308 482
-638 742
804 212
261 512
419 894
-459 -506
-617 659
139 133
-441 -426
-672 -615
-720 -160
270 603
537 250
-662 282
-367 963
138 690
-651 -102
786 -540
438 -121
-758 418
-684 -376
-356 -164
-657 -493
-268 -289
173 -644
778 477
-609 132
-427 -562
989 588
315 -735
-726 673
841 -629
-830 277
918 -793
275 -31
457 -233
336 204
-603 639
-897 -799
296 534
-131 -228
901 743
-584 -728
66
-121 -315
548 -714
-367 -111
514 155
613 -102
438 -287
339 59
-740 478
908 -929
-693 -633
-878 179
-32 551
-319 -651
-536 -805
499 871
571 -201
-648 952
-828 508
-361 -447
258 -654
-636 41
461 957
-476 -909
-45 218
552 888
-483 670
-599 -859
684 -317
-407 -278
-692 -634
-586 -835
58 0
-498 -869
330 -309
-549 683
-225 -471
527 942
-361 -446
-369 -794
659 514
-710 -390
61 -802
-688 -489
-856 -783
-946 -186
526 214
-637 528
634 67
743 977
-197 -7
767 398
755 838
-907 13
-991 705
921 -199
-830 141
685 393
-497 361
477 -981
-280 -834
-901 -168
639 -908
804 104
-373 407
-253 749
949 -830
44
-791 126
742 332
-282 -118
919 -274
407 -731
-432 -317
700 15
180 483
346 615
-708 203
-352 908
218 922
215 -648
851 670
-38 981
-339 165
-338 -293
-235 53
798 -389
-839 378
-248 763
614 644
613 898
793 -655
408 726
468 -177
24 16
-577 -457
-659 497
184 380
665 0
638 -787
-149 429
-413 688
-580 52
-965 -971
-768 -457
392 -915
112 247
490 115
-46 82
-173 462
585 -54
-916 -121
8
573 357
-627 -528
-729 -548
-8 -950
-40 239
374 -234
468 -156
467 650
74
-322 -611
-310 -223
-295 -16
152 -237
694 -318
142 224
-412 -420
-437 -669
176 -450
-777 -791
-659 666
-408 -284
-29 154
-812 -395
387 -435
-216 -976
587 -199
-260 101
74 813
-265 -25
-538 -444
-961 -467
790 763
-745 730
-876 -634
-504 525
977 -520
-892 823
-919 -111
944 -357
-67 147
-962 -19
-418 -62
-461 18
-998 763
-287 130
-359 983
-95 -263
173 -888
855 633
974 965
272 588
-438 -426
539 485
29 -352
-521 995
-921 546
-223 123
658 -124
-909 -869
-713 -764
-22 378
531 665
-703 124
866 -63
-10 518
915 480
-244 -836
61 695
-690 -235
584 -258
-9 -960
383 -394
-968 -171
227 313
-191 -847
-182 209
-794 -184
901 365
-716 -95
-17 576
232 -640
-273 316
-320 268
15
772 705
-599 249
-949 -150
-744 796
-443 911
-111 -246
-573 -839
73 -933
-823 876
-202 -264
908 -457
-626 129
898 832
-770 -65
-560 649
32
180 -431
-929 -53
-105 -868
-743 711
337 -947
-478 -870
502 528
-831 263
-52 -955
434 -564
-399 -154
1 107
255 257
-570 656
48 -830
600 66
154 -907
-874 -124
385 -746
748 690
617 -783
418 903
5 876
-158 -443
613 96
-924 826
-651 -760
92 -86
-503 199
546 -570
643 -45
-560 -113
52
918 -478
-449 -119
712 796
-189 -662
-972 -901
508 109
322 653
-671 -886
462 -324
-543 -266
-918 639
-237 -926
723 575
846 957
-716 203
-28 -83
-770 -551
734 590
-83 845
782 275
169 -892
-151 -179
435 -145
-702 13
359 -335
803 -111
-986 -7
582 -134
591 -151
69 575
-972 -460
-159 596
748 -493
763 -296
-710 -517
-421 -34
900 -325
235 -101
-214 23
-473 -810
-616 -542
713 -524
841 -374
-715 641
308 611
-875 835
926 -294
870 158
566 -971
225 560
-905 822
752 815
66
-887 -341
-959 777
-837 884
-66 -338
-176 563
-758 687
-850 -678
133 264
169 -768
979 -39
374 -244
443 -381
128 -746
845 -524
-428 -349
429 -674
-103 -840
-613 703
-771 136
-77 -959
-264 725
-621 939
738 -234
-652 283
-446 -789
502 701
672 -802
779 -529
966 -557
-198 -933
-247 986
153 -178
-466 -887
-663 -657
-376 824
760 -254
-75 884
758 -909
616 931
421 -928
387 850
127 577
-551 -355
775 163
-343 262
738 99
818 890
-462 -664
58 -39
362 906
-87 -615
-865 -292
-310 -828
630 397
-861 756
-58 -261
430 -800
-919 950
-791 -125
370 -755
308 -349
435 -422
361 914
412 -513
-662 -343
-552 -339
61
-614 -899
-773 984
526 296
-945 911
-192 422
-483 -902
-401 428
334 -675
-276 362
262 -375
540 -475
-219 858
-484 -302
-511 -659
705 -182
839 -130
748 316
-558 601
-657 685
801 -493
-741 82
243 -574
-664 975
-322 -593
-132 663
-287 721
853 523
-353 -479
-50 -174
-365 -373
361 -691
244 -507
550 291
106 -678
809 460
-93 -578
-378 997
-310 -604
-911 -384
161 -454
-558 952
799 513
-289 -386
-768 709
-174 -220
457 352
-607 799
-238 77
-28 129
448 294
725 -672
471 -20
104 779
-226 829
-283 251
843 69
-28 674
-320 568
59 38
-373 29
602 693
98
-638 726
-210 863
849 434
-2 -607
274 375
-371 270
716 -409
864 -158
-44 -666
-775 378
224 392
-500 969
771 297
241 -819
-58 898
-398 -441
-499 210
666 -140
338 -850
-869 665
-10 -609
569 -2
-922 -881
-616 970
-193 776
641 580
196 475
748 206
-58 -72
62 -944
570 610
317 -116
357 536
-714 857
138 -701
57 -427
666 68
593 -71
-471 28
516 -87
-128 740
343 554
777 478
-533 876
471 -734
-758 -910
150 328
707 -718
888 -190
-833 -48
447 -285
982 904
-407 -276
258 -435
-783 663
498 826
425 177
658 -682
-263 -820
886 -672
-423 896
-695 -710
658 -713
550 397
85 718
-906 -406
683 -996
-419 30
301 793
-666 -31
-352 30
-772 936
696 9
171 -498
168 528
-509 185
-866 310
948 679
-342 178
877 -826
-635 -929
-560 57
679 396
343 -122
-104 494
673 -614
-272 764
-551 881
-94 -246
-846 484
-126 -385
-26 -863
-765 378
-526 -74
-737 -669
336 203
-929 665
576 218
77
-639 525
-4 -913
-949 412
542 -114
185 710
200 679
-104 904
533 316
915 872
845 -957
848 -272
664 698
218 623
-107 -758
-599 345
-642 812
-754 158
-998 388
-238 835
-483 -169
-823 277
209 938
597 -783
-925 879
502 -617
394 -126
435 -976
-207 376
597 -336
429 758
-655 472
279 -696
-446 -18
799 -825
713 -921
159 422
-689 -246
342 625
638 145
396 567
409 847
-454 -661
650 -438
-431 366
-332 449
973 -639
593 -459
53 -830
945 177
-284 544
495 535
208 254
-705 -612
-110 -894
-487 -182
272 132
-932 24
-692 952
-681 855
648 910
198 447
-657 -823
-699 561
-600 -707
746 -143
-149 203
-666 -60
273 793
148 -494
244 759
499 607
-909 -611
-174 -762
-463 573
916 -701
572 91
590 -545
71
473 -358
-93 -566
-974 326
-495 -166
-525 96
-482 944
422 921
-606 -418
609 104
-834 -354
-373 769
-909 965
205 -100
-532 336
-463 -286
186 983
274 133
408 -283
-577 -824
-661 -330
688 -745
576 362
791 352
16 -330
173 -117
-749 150
-218 503
-791 872
-742 24
-335 707
-130 -531
-493 550
607 -21
-41 250
390 -504
-516 374
-565 -615
364 543
-436 -901
916 -831
65 -322
435 196
-103 -686
-688 -204
487 -33
-122 319
409 742
108 -533
-481 -889
-135 309
388 370
71 -575
322 876
-528 -529
-763 -564
974 649
879 508
-391 268
-892 -772
-495 -695
429 -801
-283 734
-771 -62
-974 369
-593 164
251 114
-466 829
142 106
-593 106
-830 -888
-208 -619
89
-669 -418
-584 -900
-210 102
-594 -367
-269 -623
-343 490
516 -169
-209 -281
307 -848
704 133
505 810
-769 -60
949 -290
-532 -393
861 -578
672 944
-713 -721
-721 272
-704 -435
-233 -275
-749 -901
78 -462
603 -89
-751 348
712 -669
-48 -541
190 -998
-611 110
-681 659
-433 -734
645 872
-509 -677
258 947
-766 -691
854 711
-382 -430
382 883
246 700
-44 426
639 452
-617 -733
433 -723
595 -116
116 890
826 -942
553 -777
-316 746
446 -955
90 933
-93 517
977 140
967 -296
-256 -357
-437 -9
-925 777
-326 926
161 -821
299 494
509 331
-137 384
146 -235
-260 -430
693 -383
30 -613
-342 755
569 -423
-526 124
-742 572
-878 725
401 -303
252 -403
-122 -444
-487 -509
-700 812
217 -916
842 -311
481 -758
-734 -370
197 -186
450 375
-491 805
-919 899
-91 345
-835 642
932 836
4 -99
75 959
-230 93
349 140
6
187 -60
182 971
-227 -245
871 -613
-956 868
239 -98
67
-980 -311
437 -342
952 -341
26 440
227 -298
490 -934
-658 -958
58 993
-934 112
438 -997
-112 479
-675 593
925 -216
-859 744
-54 174
264 -414
54 583
-664 -570
14 530
865 -475
-869 -759
-640 188
-445 -684
777 306
401 207
323 -261
-100 752
226 -223
884 656
-633 -961
671 127
222 706
480 -722
-488 768
-804 -728
-712 -569
583 312
-291 812
873 752
618 -917
689 60
-172 773
83 -347
563 -90
-472 -195
490 -896
398 112
458 978
-985 -736
133 803
-374 175
-972 -342
-946 -973
555 609
-233 230
505 -997
242 -567
386 -174
-929 -191
809 -317
387 -186
-157 -77
580 642
564 -806
-392 -706
420 99
-38 80
84
5 639
-924 589
-32 513
979 -139
-922 -17
821 555
35 -19
-420 -227
586 -535
89 990
431 -8
-878 591
250 681
-583 114
170 254
-499 -85
-471 -161
-274 14
531 800
-466 293
783 626
201 -1
-447 403
-603 666
481 234
81 857
302 386
829 606
-317 -54
685 -32
-665 -936
-189 -769
232 -318
-18 -639
412 -635
-591 733
-111 -759
17 214
250 -585
-370 -916
-378 135
382 947
155 801
640 -239
348 354
-848 482
-130 183
-717 -262
807 151
-462 -774
627 477
358 -143
-279 405
46 904
-17 -353
-16 -462
-476 285
-150 -422
992 -674
-235 393
984 299
-848 -282
642 537
387 -766
812 -455
-688 513
-657 193
-191 905
115 -786
522 -34
126 182
-600 649
587 -411
-32 332
681 -992
-622 196
833 962
774 763
85 953
-485 -606
-461 34
340 -623
-194 438
455 -42
67
276 -293
232 978
404 -600
-987 -302
299 -196
-422 461
908 -185
557 -876
-742 -167
637 67
-978 -50
-267 -635
685 697
342 772
67 -353
699 -719
-541 -636
-869 417
890 456
-628 -101
526 823
752 185
508 -798
-149 -901
628 -378
-544 539
200 -458
526 -281
276 -263
874 -318
284 -330
879 -264
-889 -854
-509 273
740 353
-425 313
-738 -593
552 -65
-495 -855
-308 -726
-175 -900
-164 70
119 -866
92 -838
-394 -952
-79 491
808 470
-900 588
801 752
796 715
206 -98
288 -609
-999 -6
-231 548
-350 -283
446 -156
557 147
940 -37
633 897
-211 200
727 -990
670 -690
872 996
196 812
-329 -787
704 122
-665 230
42
68 -700
-206 -595
-903 992
154 -279
-869 -727
-601 833
-698 -449
-988 458
-819 455
-923 -90
354 -425
419 440
857 -658
-847 87
363 -468
549 -815
-493 -406
-371 -761
814 -563
-220 -64
-243 594
-891 -164
718 -698
599 -924
-409 56
-807 -58
946 -733
396 -9
90 -264
676 -825
874 968
-808 478
300 -688
955 980
-466 -681
42 194
-524 -765
-980 -625
-299 -578
296 848
-983 709
-271 -437
37
-219 -871
-310 -507
892 100
-836 -302
-807 -647
675 -101
836 -81
841 -579
374 -468
-600 -367
-962 -5
953 -43
-446 -360
-262 -145
-604 -53
777 -491
-294 59
-366 -773
789 997
-16 -657
-711 170
989 -161
328 574
751 -308
782 -876
-629 938
-755 -392
-308 -482
-446 -647
483 898
-589 -276
-981 467
8 -163
-784 548
-93 298
-545 -34
345 291
8
-180 -943
30 145
-318 824
-893 752
-244 693
-820 -590
-264 -936
-985 -954
34
859 324
-159 859
865 672
97 -165
539 555
872 648
-909 314
-978 662
-706 714
751 -467
-276 489
-76 993
-217 -239
314 724
-555 550
-967 -373
-136 825
-207 490
-619 442
-771 912
790 -256
698 286
440 873
-222 784
-565 -881
911 886
-59 726
503 -221
-457 -483
-995 -778
784 902
120 467
458 -776
837 -265
6
-826 -775
163 -527
327 -700
394 -600
625 587
-755 118
10
221 804
-210 396
817 -880
230 893
472 381
-591 -715
575 -649
375 610
-472 234
-13 314
90
534 61
900 -591
137 594
874 505
249 983
-211 972
775 -849
-538 -285
672 852
967 -974
254 -680
803 462
345 41
312 612
243 244
98 -704
-812 -455
-110 -92
335 974
944 669
292 -140
974 384
185 884
934 841
939 903
817 -829
657 -985
540 -791
-524 -522
-352 -877
-137 -403
-905 579
945 -377
917 729
-824 299
-224 618
168 -203
-162 -133
16 -100
580 647
-387 167
-868 -836
-146 -735
543 -411
863 40
60 -608
-939 868
-347 410
590 -148
-467 764
213 134
532 -136
654 -484
762 -348
936 -630
-931 275
506 -267
28 426
861 -176
-105 -254
-556 66
-104 -942
152 -775
157 -807
627 681
61 575
-262 -47
-959 719
732 -314
902 -323
-330 394
84 962
389 259
270 -644
64 392
147 697
92 -607
958 -360
63 -561
434 -294
715 -806
981 54
915 -659
139 -864
-630 638
-409 314
-544 254
-623 -581
638 183
667 -264
6
-447 -630
-514 -999
683 -582
-920 -887
-90 725
-530 -921
22
815 566
30 -237
203 963
-1 371
-469 474
-241 73
154 -760
766 387
93 635
-92 66
418 485
-339 -833
-970 -415
713 492
-369 -112
538 -824
-678 646
-749 380
-859 -75
-173 -422
532 -522
-328 -561
25
98 -439
-464 -295
-922 519
-643 812
-753 923
44 446
-984 -161
-458 876
541 -164
-306 46
690 -604
-295 -908
904 -415
-514 -381
625 300
877 -399
147 895
794 -408
297 782
287 -138
363 472
43 -598
-135 464
972 581
-465 -809
81
-304 -934
576 -175
250 12
-118 -424
927 995
123 -394
-471 -121
-939 224
-81 203
503 -563
-891 -823
-754 -631
166 -154
-759 972
303 130
-756 -433
-375 823
344 -164
50 -133
-308 -753
959 207
378 -68
-339 651
970 -794
-829 -693
476 960
-899 -14
365 -768
132 517
-789 -667
-417 659
770 -524
83 -249
-183 88
901 -261
-838 -412
511 -341
-404 604
-252 430
809 519
472 528
-304 -547
109 -91
-865 634
635 275
-301 -967
74 -295
682 0
-69 404
-59 898
-503 -756
244 -260
940 240
934 -918
762 383
-398 569
-172 289
-48 -707
-672 -391
-388 -883
67 -518
-470 -321
901 318
587 442
570 -344
460 -164
974 444
-34 -675
-768 -897
-924 -292
911 998
-698 -6
249 -734
-499 -528
-438 -640
653 900
-416 59
-116 -914
806 -988
219 645
72 732
65
-653 267
675 -39
817 630
543 421
-797 -108
26 -564
-230 -969
56 -323
-461 -185
179 348
-909 315
-614 -164
163 -985
498 311
996 652
246 -620
-867 501
173 -38
894 -679
-682 169
-904 -123
843 -946
488 -307
663 650
-536 -191
174 24
-36 753
-251 -716
-608 -45
-242 157
-752 -474
-96 -266
916 225
187 624
522 -895
-656 101
-915 942
411 983
-812 185
711 822
-357 -366
570 689
658 -992
-436 455
60 -425
470 -481
-948 601
-901 315
-811 -231
839 -645
-995 935
-324 850
-255 446
121 -292
190 282
-811 554
-187 269
24 -942
884 541
-732 452
880 -982
443 -715
-74 -765
319 -648
-806 -692
54
36 -491
-854 497
155 845
-389 -205
-272 703
-361 -423
361 550
163 -681
-905 -134
-219 -91
92 -685
865 332
-247 -840
530 390
-190 700
-879 -41
315 953
490 967
-421 -899
-799 -135
-986 703
587 -194
632 -976
35 316
541 600
136 116
-101 -390
-738 571
-477 271
835 105
-670 225
-95 695
115 -510
-553 -2
-948 -205
545 540
436 -731
200 139
167 -915
880 -1
772 -849
521 -356
-804 -654
-636 427
-852 -871
-529 -45
27 185
368 -779
-480 -327
738 582
-47 -996
-497 -410
-839 -573
474 -418
0