100
0 -1 3894 9468 4151 2382 9129 3953 4527 8061 987 -1 5322 8853 7404 3317 1321 2779 -1 -1 6421 -1 3572 8874 9888 7784 -1 6157 9093 8843 8237 8088 6976 7791 5389 6469 3654 7982 9145 -1 -1 8436 -1 9444 6077 3239 3724 -1 463 7091 -1 2681 4998 8071 9324 8818 -1 -1 8670 4183 3300 -1 3171 2333 -1 7930 -1 5982 -1 -1 5596 1773 -1 -1 2045 2752 71 1893 6355 4991 -1 5216 5115 4190 5680 5540 4753 2617 5477 6278 4568 2460 2650 4307 4695 -1 -1 7526 251 1397
-1 0 7143 2687 8224 1436 -1 4091 8384 6337 -1 374 5725 3625 2092 6489 5135 408 3193 4399 4084 -1 7610 9223 4841 3973 -1 7647 7734 -1 1362 7924 7137 -1 6774 4610 9066 8793 3621 4875 3160 5424 8300 8817 4925 -1 -1 -1 5185 -1 7043 -1 2536 -1 1805 -1 7329 -1 -1 3816 -1 2510 2573 4987 -1 8935 -1 -1 9048 -1 6185 8825 -1 -1 -1 1587 6860 5444 572 -1 8284 6372 -1 4923 4022 596 251 1797 2206 -1 524 -1 8828 550 5484 649 1967 2961 531 -1
3894 7143 0 1120 413 5338 6185 3864 6441 -1 -1 7337 7156 3135 9927 4256 8949 414 6502 -1 8650 8216 -1 8994 549 9566 4043 9080 7653 4317 1277 -1 1009 859 2842 -1 -1 3702 7649 3450 -1 -1 -1 -1 -1 7790 5403 6187 815 8530 4877 2750 93 9467 2201 -1 5072 -1 5233 7411 47 -1 7515 -1 -1 -1 -1 7700 -1 7712 4485 4200 8175 2275 -1 1026 5797 4425 -1 -1 8737 8589 5934 -1 5949 9213 5982 794 3132 -1 6801 5894 8304 -1 659 9468 7113 4735 3019 5378
9468 2687 1120 0 6763 803 1988 4979 6061 6266 8895 7399 222 9 -1 -1 7114 3010 3477 -1 9868 5169 66 4738 7115 7258 1060 147 1553 -1 5095 8975 -1 4381 6062 -1 9419 1047 -1 -1 8808 7000 -1 9161 -1 146 4140 2978 3344 2205 2321 833 376 3173 6184 -1 6378 9483 2701 1286 7416 4856 3064 25 5551 250 9954 7638 7614 6864 3156 3052 6959 9040 -1 2365 6626 -1 9159 4940 4037 9044 3296 -1 6210 2457 -1 7525 8467 1149 328 1064 9555 2353 264 -1 9549 1987 -1 6662
4151 8224 413 6763 0 3411 1081 1725 4902 8213 9506 6920 856 7328 3827 8437 5024 1302 8301 1926 642 6341 3278 5888 5691 6432 7598 7092 7362 -1 1593 -1 -1 -1 3862 -1 1887 568 -1 3705 5499 3719 -1 3822 -1 4316 4045 559 997 37 1793 2621 1480 9883 5380 3988 7461 6837 -1 4784 1339 6637 4569 -1 -1 542 645 2078 -1 6154 3889 9695 6429 7370 3375 -1 7782 9264 8514 2078 -1 3204 4234 1648 -1 -1 -1 3025 6941 1585 799 1244 8847 9057 998 6518 6748 333 6269 3429
2382 1436 5338 803 3411 0 3640 2379 6433 9627 5651 8283 309 4926 -1 3763 3348 -1 6947 -1 6372 -1 4537 1480 8506 -1 -1 8863 3527 649 -1 1166 -1 3738 9022 517 8781 2267 2822 3910 -1 -1 4369 -1 9342 5526 3068 3952 5453 -1 4121 -1 6251 4531 5701 -1 -1 1519 -1 2810 7483 -1 -1 7586 6650 602 2177 -1 2205 2337 -1 -1 7584 -1 -1 219 1858 9097 5531 109 3198 2754 3380 -1 7850 108 469 8915 6774 -1 -1 1180 -1 6693 179 7977 -1 -1 -1 -1
9129 -1 6185 1988 1081 3640 0 -1 9430 -1 3579 7263 -1 9155 9804 2478 9650 2964 8489 6112 5598 1865 -1 8698 276 8742 6072 1114 4497 8826 1336 4075 9044 -1 5857 8279 3995 936 -1 2127 6482 4645 9049 2522 -1 4896 -1 9996 1920 -1 8683 7995 6984 5025 4357 5669 7132 4663 1926 7771 7904 -1 436 2684 3560 4547 9932 6684 -1 9225 3947 1867 2839 9352 4880 795 -1 3371 5676 8731 7745 9952 2761 946 3554 8587 4621 7589 4615 3904 -1 -1 -1 -1 2704 -1 3159 -1 2474 612
3953 4091 3864 4979 1725 2379 -1 0 1726 8298 -1 2285 3553 -1 2055 58 7344 5489 7041 5827 4663 -1 2216 208 1167 -1 9274 8323 -1 2659 -1 4526 -1 1194 8104 9656 -1 -1 4426 9211 6131 7369 4441 290 6326 1362 -1 -1 9460 -1 6621 5959 3466 8558 -1 6320 6807 9460 -1 -1 -1 5509 -1 7754 -1 9450 3525 1229 7519 4612 4107 5488 -1 -1 -1 -1 4852 5572 3675 2133 7227 2025 236 5349 7582 1472 2874 8896 -1 8830 1238 4837 5700 9152 7129 7224 2666 3899 -1 5307
4527 8384 6441 6061 4902 6433 9430 1726 0 2731 7911 388 1158 8490 -1 6094 7877 1384 4683 -1 1193 9960 7391 7300 4335 -1 6207 -1 9589 1212 8409 1932 -1 7537 5541 239 -1 1103 -1 4132 -1 -1 6507 -1 5679 7159 -1 -1 -1 9339 8268 4428 852 8265 9992 5684 9150 -1 6611 2226 1794 9419 557 844 2559 9932 2110 7120 2060 -1 300 6506 9347 -1 7374 6712 -1 -1 9398 3474 9615 556 4714 1182 5490 3225 212 133 -1 7132 5879 8415 3985 898 -1 -1 -1 4687 1779 -1
8061 6337 -1 6266 8213 9627 -1 8298 2731 0 -1 7933 -1 3487 5656 6847 -1 -1 5607 -1 1584 7657 3222 4234 4805 9905 -1 7070 -1 -1 4594 6060 -1 1128 -1 4493 8516 535 9030 -1 6376 -1 -1 8079 9717 9024 -1 -1 -1 352 -1 9070 3485 125 5363 -1 -1 -1 226 4803 4379 6160 20 -1 9123 8353 2669 5264 8012 -1 4045 -1 8929 -1 5018 6978 -1 3584 -1 874 8629 2098 6466 -1 -1 6352 5910 -1 -1 3256 6592 1481 1830 6261 -1 5701 182 -1 -1 5100
987 -1 -1 8895 9506 5651 3579 -1 7911 -1 0 1234 -1 8737 6892 394 1811 -1 394 7156 824 4853 9706 3582 6956 4934 -1 7950 -1 150 7942 -1 -1 8891 6787 531 4822 1838 -1 8274 3412 4397 -1 5560 7911 2124 5750 -1 1532 7844 -1 4169 7969 8166 7238 7027 879 5784 -1 8430 9374 3468 -1 868 1482 934 5902 -1 8129 1933 901 6379 -1 7527 7673 1354 8759 512 2490 3780 -1 3999 1685 9839 -1 9078 6457 7418 5338 5870 4196 -1 9593 7913 -1 3813 8160 867 -1 2647
-1 374 7337 7399 6920 8283 7263 2285 388 7933 1234 0 4814 3378 7053 6068 207 -1 1291 6219 -1 9443 4457 4941 4315 -1 5799 -1 2265 6656 -1 5524 2632 862 4503 5990 2065 5151 -1 323 8090 9803 4949 6523 2734 1513 8 6884 -1 1949 -1 9685 1688 9370 6677 7462 5975 6215 -1 -1 5707 1137 7107 7967 8160 7242 6404 1575 9262 -1 9248 8889 6038 5507 704 -1 828 -1 -1 1796 -1 -1 2270 5135 3163 9985 1746 -1 2445 -1 7757 2703 -1 6992 9957 7870 6094 6637 7291 3608
5322 5725 7156 222 856 309 -1 3553 1158 -1 -1 4814 0 7132 1116 -1 6941 7551 1043 -1 367 -1 8474 -1 -1 9680 2381 2797 -1 -1 -1 -1 6347 2732 8069 7049 1467 6912 5952 -1 2106 3619 -1 -1 -1 5982 -1 1208 4080 2789 8951 -1 -1 -1 2266 8634 853 8337 2421 3380 -1 -1 -1 3521 -1 1671 9125 -1 7062 9792 6758 3684 -1 2731 3667 9063 9956 -1 1288 9789 1391 7901 -1 7865 -1 -1 -1 8419 5491 1209 -1 7557 9616 4165 1078 5833 8200 -1 -1 2536
8853 3625 3135 9 7328 4926 9155 -1 8490 3487 8737 3378 7132 0 4226 -1 838 6214 3084 3927 9854 -1 9089 7931 6029 7733 7727 8492 9701 683 8804 9578 -1 7875 -1 2768 3950 -1 2117 2994 850 1760 4247 9699 -1 6501 2023 9183 7102 7502 2301 5049 2764 4980 9551 5075 6613 250 682 9888 3814 371 7394 4046 -1 5268 8247 7157 2398 -1 -1 7946 6453 9689 7868 1720 9085 4134 2908 6669 7076 3414 1122 4173 4928 3413 2733 2423 -1 1619 5240 5981 9336 6075 443 820 4340 5031 6949 9665
7404 2092 9927 -1 3827 -1 9804 2055 -1 5656 6892 7053 1116 4226 0 -1 5603 7385 9609 6991 -1 7926 -1 5633 8183 4685 2941 2054 4794 -1 2960 6630 8450 2277 6159 -1 -1 86 6778 4166 5834 1682 1187 4638 -1 8836 -1 7470 3633 4603 -1 9704 3011 7803 -1 6355 1070 4607 2368 9302 -1 5665 7431 1186 1466 4107 9011 -1 6926 3708 -1 1151 6916 4152 3672 4017 1582 9942 -1 5549 9380 4170 7086 -1 -1 5033 7223 4439 -1 7062 3316 2977 1791 1971 -1 -1 1141 1075 3923 7032
3317 6489 4256 -1 8437 3763 2478 58 6094 6847 394 6068 -1 -1 -1 0 -1 3370 -1 89 4506 2582 1890 5468 8654 -1 7177 7864 3978 4768 9350 6719 1321 1805 6050 -1 4673 4554 4189 -1 -1 1554 661 167 3715 1709 8961 3109 9386 4990 1073 3743 -1 1768 9233 2858 2464 8629 4552 2203 401 8030 4701 -1 7544 1192 3184 8448 2301 6429 810 7365 -1 5336 1950 -1 4669 -1 4521 598 4185 523 7998 2701 3681 6929 -1 -1 7621 8843 5168 8519 8911 2355 -1 6110 529 8897 614 5296
1321 5135 8949 7114 5024 3348 9650 7344 7877 -1 1811 207 6941 838 5603 -1 0 9397 -1 -1 3356 9473 4204 9778 -1 -1 9583 4338 6272 2621 4400 4676 8887 -1 -1 6347 1843 1017 -1 5505 2894 5182 4443 2433 9840 -1 -1 572 -1 7865 8206 3955 3035 3875 4228 2033 521 2480 5425 -1 8869 898 8432 8366 7284 1459 4178 3773 -1 -1 -1 7550 2998 -1 8135 3420 -1 -1 8525 3332 5546 8464 3673 9278 -1 1497 596 4763 9889 -1 -1 -1 5213 3473 3840 -1 7878 -1 4187 433
2779 408 414 3010 1302 -1 2964 5489 1384 -1 -1 -1 7551 6214 7385 3370 9397 0 1803 5443 6473 7945 7529 6244 3567 9912 8699 3360 -1 2805 7672 4699 -1 5356 7438 7301 8646 3804 6100 1087 6796 -1 6481 2669 -1 4226 4727 -1 148 9287 7635 7212 7967 4230 -1 6354 1612 3627 6628 5965 5210 7551 -1 4814 7162 5622 860 -1 9627 -1 -1 7483 -1 9739 2676 4545 4178 5770 5542 2776 3838 707 -1 4380 2564 8699 -1 548 8211 6370 7354 9483 -1 6935 6901 4115 2619 -1 350 6314
-1 3193 6502 3477 8301 6947 8489 7041 4683 5607 394 1291 1043 3084 9609 -1 -1 1803 0 8173 -1 8338 2730 6181 9613 3176 -1 4236 1244 3290 2497 7374 8492 -1 -1 9044 1773 -1 9746 3542 4527 9875 7919 2643 624 5507 9408 7021 9198 2907 -1 9651 3486 -1 3019 -1 -1 4355 6123 6038 6577 -1 2873 -1 8440 -1 6520 4324 4518 -1 -1 2162 1682 9940 7490 -1 849 -1 6630 5967 4139 6903 8579 5090 8323 -1 5797 6917 1965 3837 1265 -1 4945 3547 7433 8989 2334 5663 775 4050
-1 4399 -1 -1 1926 -1 6112 5827 -1 -1 7156 6219 -1 3927 6991 89 -1 5443 8173 0 4584 -1 -1 5050 347 4710 7392 3656 1528 3712 2135 -1 1457 2869 -1 8599 989 -1 2979 6776 -1 3474 3954 -1 -1 -1 9801 322 -1 3747 7752 6657 4124 -1 -1 1942 2432 3909 1502 6694 4606 -1 4222 -1 4878 4877 9840 8558 1938 -1 6471 -1 8875 -1 1170 5016 5411 688 8060 8691 2231 2407 7546 721 4704 2824 2535 9568 5031 -1 158 4832 1599 7442 -1 6652 6428 3906 -1 9618
6421 4084 8650 9868 642 6372 5598 4663 1193 1584 824 -1 367 9854 -1 4506 3356 6473 -1 4584 0 530 3283 826 7904 3028 1528 -1 5480 1825 3592 7755 3681 7372 -1 3168 1937 9420 -1 1318 2849 7034 8953 2599 6660 -1 5696 6242 9963 4769 4334 1544 -1 6699 7827 5706 2043 5520 -1 -1 9763 7954 7404 2531 1168 2617 -1 2341 -1 7110 6902 7576 4162 9786 5562 5234 7223 4879 9690 8861 -1 980 19 2215 6748 6939 -1 -1 3590 6309 -1 8933 7055 3843 -1 5618 715 487 3436 8473
-1 -1 8216 5169 6341 -1 1865 -1 9960 7657 4853 9443 -1 -1 7926 2582 9473 7945 8338 -1 530 0 -1 -1 -1 -1 -1 -1 477 -1 1653 36 -1 331 1302 1146 -1 3496 -1 220 7697 -1 318 3168 1812 1559 9915 -1 -1 2217 -1 9014 -1 7609 1613 -1 2803 -1 9175 8593 7777 9735 760 5504 8457 4449 -1 5816 -1 9563 -1 -1 9569 9204 8507 7646 8440 -1 8989 -1 2249 4681 5448 2805 3877 -1 9209 2538 -1 -1 9815 4581 384 11 2409 -1 974 -1 1645 3342
3572 7610 -1 66 3278 4537 -1 2216 7391 3222 9706 4457 8474 9089 -1 1890 4204 7529 2730 -1 3283 -1 0 7281 8862 7842 4853 -1 8942 1505 -1 -1 4587 8276 2911 7157 3019 2277 8114 7247 5705 3307 -1 1176 7740 7178 8636 9862 6088 33 4478 1473 3337 9950 -1 4457 -1 -1 5088 441 -1 1393 1784 -1 2764 2847 5810 4709 -1 3326 411 8247 8837 228 6410 8366 -1 -1 1840 1011 6934 -1 4945 -1 8774 2072 8265 920 4913 7310 746 619 8158 -1 8014 -1 1962 873 1715 9979
8874 9223 8994 4738 5888 1480 8698 208 7300 4234 3582 4941 -1 7931 5633 5468 9778 6244 6181 5050 826 -1 7281 0 4527 6470 2754 6956 -1 8316 1063 5586 -1 -1 1006 -1 8524 3511 -1 8612 5293 6568 -1 1396 1336 2854 5759 9991 7302 4632 6213 2426 -1 3350 6528 9666 7215 8164 -1 1316 -1 4114 1556 8758 -1 3930 -1 -1 -1 -1 334 -1 8563 9104 -1 2936 -1 -1 1244 9720 1180 3564 2536 7348 9179 3415 575 4672 -1 6838 -1 5219 3483 -1 -1 5485 9023 2047 -1 8737
9888 4841 549 7115 5691 8506 276 1167 4335 4805 6956 4315 -1 6029 8183 8654 -1 3567 9613 347 7904 -1 8862 4527 0 8831 3211 7611 2524 8781 5036 3680 -1 -1 4749 9845 2126 -1 4863 -1 7817 6157 2277 787 9560 9460 -1 -1 597 4600 1647 1150 3284 -1 1290 5456 2139 -1 5648 -1 6851 1337 8081 1724 2515 1844 2718 9968 8264 4095 -1 4069 4704 4739 2906 2015 1725 7638 -1 3694 2198 9419 -1 6672 7762 -1 315 -1 -1 9986 3689 -1 5161 8951 6277 7205 3306 5072 3853 -1
7784 3973 9566 7258 6432 -1 8742 -1 -1 9905 4934 -1 9680 7733 4685 -1 -1 9912 3176 4710 3028 -1 7842 6470 8831 0 -1 2222 7223 1092 646 3244 3826 852 2147 7728 1397 9717 9668 5760 -1 -1 -1 1715 9762 7366 7726 100 6789 7008 -1 1728 8098 -1 8583 6442 3199 9890 8094 832 6738 380 6604 -1 9531 3909 7315 9166 -1 3207 3595 2628 9301 6327 7437 -1 3580 430 9777 -1 9310 7075 1390 2786 8656 8601 585 2846 8939 -1 2321 7836 2159 -1 9854 4660 -1 5494 -1 -1
-1 -1 4043 1060 7598 -1 6072 9274 6207 -1 -1 5799 2381 7727 2941 7177 9583 8699 -1 7392 1528 -1 4853 2754 3211 -1 0 -1 2762 -1 1976 -1 3055 8372 9160 105 8418 8483 1537 5716 8785 1853 -1 2963 9161 8611 -1 5837 4768 -1 8335 1841 5729 2806 8101 5482 -1 981 938 6260 7744 9407 5875 2317 9765 -1 624 9265 8011 -1 4983 6602 4237 -1 4278 6614 8228 5523 2599 -1 -1 9182 -1 -1 1845 5283 1593 -1 380 -1 6936 5053 1207 7381 8470 4856 2587 3908 2955 3621
6157 7647 9080 147 7092 8863 1114 8323 -1 7070 7950 -1 2797 8492 2054 7864 4338 3360 4236 3656 -1 -1 -1 6956 7611 2222 -1 0 6430 8036 971 2489 -1 -1 5706 8560 7522 8905 -1 5750 9711 1284 -1 7535 141 1772 7723 6110 1619 1814 -1 3311 9209 5210 85 2234 6889 3300 4900 -1 4987 6037 -1 6251 -1 9662 8953 7808 -1 6042 6408 529 -1 2862 9804 918 -1 -1 7634 -1 -1 5405 900 8652 4838 8746 3720 2990 -1 -1 -1 -1 4165 4443 -1 2870 6162 9034 7004 -1
9093 7734 7653 1553 7362 3527 4497 -1 9589 -1 -1 2265 -1 9701 4794 3978 6272 -1 1244 1528 5480 477 8942 -1 2524 7223 2762 6430 0 409 -1 2184 8046 6752 2064 6544 5027 1130 2598 519 -1 31 1052 2659 7460 7141 969 -1 -1 -1 2855 2454 -1 1985 1051 3897 8132 6779 392 1239 -1 8883 8994 403 7601 709 -1 2149 1518 9496 -1 1060 5021 1934 9276 1304 8819 895 -1 5738 -1 5966 -1 818 8982 9436 899 8076 7714 8900 7176 8888 9659 -1 6369 8609 -1 5174 4473 7832
8843 -1 4317 -1 -1 649 8826 2659 1212 -1 150 6656 -1 683 -1 4768 2621 2805 3290 3712 1825 -1 1505 8316 8781 1092 -1 8036 409 0 7753 2051 4758 3677 2873 -1 -1 -1 8277 8270 6055 4498 4876 4556 4604 4158 7296 4932 1313 -1 -1 6788 5170 8 -1 2357 -1 2817 -1 6982 2238 4134 6611 5792 -1 3012 8233 -1 4507 7773 4447 6920 4387 2466 719 8144 -1 1396 -1 -1 9547 8136 6020 6100 339 4011 3755 9739 -1 3981 -1 5324 9407 5270 3566 -1 40 3518 9282 -1
8237 1362 1277 5095 1593 -1 1336 -1 8409 4594 7942 -1 -1 8804 2960 9350 4400 7672 2497 2135 3592 1653 -1 1063 5036 646 1976 971 -1 7753 0 5438 8385 2020 4104 -1 3467 7036 477 5207 229 4533 9217 -1 6831 -1 234 7158 8259 -1 -1 9351 9813 1819 6085 5190 7982 8230 7487 3344 7493 8188 4012 3650 6984 4412 3828 -1 -1 -1 9558 4224 3032 -1 4681 8910 2370 -1 1270 -1 129 8568 3157 -1 -1 -1 580 5481 -1 4153 8722 5337 4616 6072 4066 -1 9104 9787 2597 7804
8088 7924 -1 8975 -1 1166 4075 4526 1932 6060 -1 5524 -1 9578 6630 6719 4676 4699 7374 -1 7755 36 -1 5586 3680 3244 -1 2489 2184 2051 5438 0 6773 8588 -1 4166 2013 9140 2567 5802 7358 -1 7311 378 7957 2374 2713 1021 3995 7492 -1 7687 4186 8613 -1 -1 4925 7423 3404 9235 8860 2551 2386 5733 3006 2089 9791 -1 749 -1 5373 7946 8489 3627 3612 -1 974 2559 6783 9788 5305 7554 4998 8278 -1 5336 1014 -1 9841 6896 8852 2997 6693 7614 9513 9272 6674 -1 9955 -1
6976 7137 1009 -1 -1 -1 9044 -1 -1 -1 -1 2632 6347 -1 8450 1321 8887 -1 8492 1457 3681 -1 4587 -1 -1 3826 3055 -1 8046 4758 8385 6773 0 -1 9372 -1 -1 4815 276 -1 -1 3558 7577 4048 5241 5033 8853 1450 6049 -1 920 8507 1664 6725 3173 -1 5622 -1 4229 1405 9612 85 1936 1357 -1 8155 4604 6556 -1 3433 222 8172 944 510 1300 1138 1071 8305 6847 9216 8549 -1 5244 3613 8600 -1 3001 4193 4014 3176 8972 3923 -1 9889 2209 -1 8954 -1 7616 6047
7791 -1 859 4381 -1 3738 -1 1194 7537 1128 8891 862 2732 7875 2277 1805 -1 5356 -1 2869 7372 331 8276 -1 -1 852 8372 -1 6752 3677 2020 8588 -1 0 8689 7837 98 9703 7300 473 2932 -1 5484 2357 4154 385 2026 2916 8028 5810 2522 -1 2899 631 8886 -1 908 4016 3751 3736 4464 2282 32 6037 4716 1151 9901 -1 -1 2548 2270 6246 5353 -1 1221 8675 8453 -1 6863 600 6405 3317 40 9880 7588 15 1224 8670 -1 9686 5983 8357 1964 3743 795 -1 9388 8798 7223 -1
5389 6774 2842 6062 3862 9022 5857 8104 5541 -1 6787 4503 8069 -1 6159 6050 -1 7438 -1 -1 -1 1302 2911 1006 4749 2147 9160 5706 2064 2873 4104 -1 9372 8689 0 9909 -1 2322 -1 1443 7236 -1 6999 -1 478 3161 2178 830 -1 8186 -1 -1 4918 1603 6636 1227 -1 9704 2924 6422 7675 2351 5495 9473 2171 6884 1129 400 9950 4663 3717 8374 -1 3036 3054 8048 -1 -1 9998 2823 -1 2831 -1 -1 -1 -1 7189 8251 9226 -1 5606 2135 5509 6018 9011 6430 837 5065 2332 1017
6469 4610 -1 -1 -1 517 8279 9656 239 4493 531 5990 7049 2768 -1 -1 6347 7301 9044 8599 3168 1146 7157 -1 9845 7728 105 8560 6544 -1 -1 4166 -1 7837 9909 0 -1 5005 -1 -1 171 785 4 105 9272 9737 7649 7516 5371 511 6504 -1 9750 4545 7956 3367 872 3134 5064 5039 1012 5716 -1 -1 7399 6230 -1 -1 8093 6606 7067 -1 7318 8093 -1 -1 6053 191 6742 4229 1337 8981 -1 9984 2202 4446 7212 -1 -1 5295 5141 -1 6750 -1 9787 -1 4313 5716 7905 377
3654 9066 -1 9419 1887 8781 3995 -1 -1 8516 4822 2065 1467 3950 -1 4673 1843 8646 1773 989 1937 -1 3019 8524 2126 1397 8418 7522 5027 -1 3467 2013 -1 98 -1 -1 0 -1 -1 5108 479 7816 5187 8821 9569 -1 1227 -1 5425 5501 3231 -1 7000 -1 1720 1473 4404 4195 6972 2639 7897 -1 3232 4442 4996 -1 2813 1546 6209 1601 -1 3461 141 3949 9970 3166 2122 9993 -1 -1 5291 9249 3024 9472 6263 -1 1142 125 6196 3875 -1 7019 4950 4054 5640 3693 6955 -1 -1 5162
7982 8793 3702 1047 568 2267 936 -1 1103 535 1838 5151 6912 -1 86 4554 1017 3804 -1 -1 9420 3496 2277 3511 -1 9717 8483 8905 1130 -1 7036 9140 4815 9703 2322 5005 -1 0 8812 1302 7674 423 19 9165 4124 -1 4762 7828 3400 4399 -1 2407 -1 -1 2319 2056 3252 8882 2994 9758 -1 9804 -1 5370 -1 -1 8323 4982 -1 4536 4467 346 2407 -1 5185 9105 9228 -1 5622 -1 4653 -1 9993 741 5864 -1 141 -1 -1 -1 -1 5802 797 9409 9693 4233 -1 7285 5784 740
9145 3621 7649 -1 -1 2822 -1 4426 -1 9030 -1 -1 5952 2117 6778 4189 -1 6100 9746 2979 -1 -1 8114 -1 4863 9668 1537 -1 2598 8277 477 2567 276 7300 -1 -1 -1 8812 0 2100 1331 6679 57 7428 4553 7430 4930 -1 -1 477 -1 1385 2299 1990 4694 -1 6162 6591 8454 3751 9084 -1 838 8682 1369 -1 2858 4076 1924 4300 8001 3680 3471 857 7049 -1 -1 2305 8814 4022 1293 3958 -1 2593 6035 6267 1085 9831 5387 4659 4496 5438 -1 -1 6531 2962 4647 -1 7793 4464
-1 4875 3450 -1 3705 3910 2127 9211 4132 -1 8274 323 -1 2994 4166 -1 5505 1087 3542 6776 1318 220 7247 8612 -1 5760 5716 5750 519 8270 5207 5802 -1 473 1443 -1 5108 1302 2100 0 3722 3542 2311 9224 1842 8320 7282 1874 553 -1 2191 8064 7163 7486 7224 5236 -1 -1 517 2468 6654 -1 8342 7868 5146 7223 2204 3833 994 7398 -1 -1 3469 -1 6551 2875 4110 9577 618 2497 -1 2966 6111 6206 3593 6220 4813 5178 9060 3573 2797 5325 8446 -1 -1 3930 4832 -1 -1 -1
-1 3160 -1 8808 5499 -1 6482 6131 -1 6376 3412 8090 2106 850 5834 -1 2894 6796 4527 -1 2849 7697 5705 5293 7817 -1 8785 9711 -1 6055 229 7358 -1 2932 7236 171 479 7674 1331 3722 0 9898 9369 9439 7708 -1 5701 2670 9155 4156 -1 1320 6636 9616 3769 -1 6859 382 9800 3466 -1 -1 1736 -1 1564 1589 4951 5443 7447 4562 6378 -1 7692 -1 -1 7432 4317 5742 6579 2440 9041 -1 -1 -1 6800 -1 4112 652 5189 5865 5591 7949 8812 2771 3570 7258 -1 6204 6711 9593
8436 5424 -1 7000 3719 -1 4645 7369 -1 -1 4397 9803 3619 1760 1682 1554 5182 -1 9875 3474 7034 -1 3307 6568 6157 -1 1853 1284 31 4498 4533 -1 3558 -1 -1 785 7816 423 6679 3542 9898 0 -1 2371 5770 -1 3283 8652 9694 5489 962 9446 4766 8590 -1 4829 -1 7471 7179 363 -1 -1 4484 8356 6623 7498 5874 3145 8553 529 239 3174 -1 4171 -1 8921 6590 1247 4227 253 2307 4815 7970 9045 2675 8226 8545 1678 -1 -1 8786 3016 3974 8689 -1 6980 341 4121 7360 8235
-1 8300 -1 -1 -1 4369 9049 4441 6507 -1 -1 4949 -1 4247 1187 661 4443 6481 7919 3954 8953 318 -1 -1 2277 -1 -1 -1 1052 4876 9217 7311 7577 5484 6999 4 5187 19 57 2311 9369 -1 0 8902 6604 2031 5680 6198 9247 3260 7396 3631 -1 1605 -1 5915 1110 -1 2421 7679 5803 1694 -1 1539 -1 1003 1677 -1 6165 4551 -1 3882 -1 -1 8053 -1 9149 1379 -1 3483 3706 -1 4479 1248 5486 1725 1872 2652 -1 6907 -1 94 1186 -1 5613 -1 246 8525 7997 8866
9444 8817 -1 9161 3822 -1 2522 290 -1 8079 5560 6523 -1 9699 4638 167 2433 2669 2643 -1 2599 3168 1176 1396 787 1715 2963 7535 2659 4556 -1 378 4048 2357 -1 105 8821 9165 7428 9224 9439 2371 8902 0 8960 4350 3239 6356 -1 7619 7910 3261 8740 8981 1114 37 849 7332 8162 5830 1355 -1 9103 -1 5470 6043 4095 -1 1191 -1 -1 -1 9264 6097 6892 6650 -1 5151 -1 2056 703 5502 2197 2502 6519 9093 -1 -1 -1 3595 5640 1115 -1 -1 6949 825 -1 1171 6290 -1
6077 4925 -1 -1 -1 9342 -1 6326 5679 9717 7911 2734 -1 -1 -1 3715 9840 -1 624 -1 6660 1812 7740 1336 9560 9762 9161 141 7460 4604 6831 7957 5241 4154 478 9272 9569 4124 4553 1842 7708 5770 6604 8960 0 6347 7454 8111 -1 -1 6887 -1 8099 5061 -1 2731 3381 8545 1744 2141 8745 7386 1678 -1 6627 9627 4151 3615 -1 5943 1011 -1 7314 9676 648 8710 -1 3733 3552 502 -1 -1 2605 9936 2821 1266 3307 5535 4211 8159 -1 2393 6218 6637 2239 8590 -1 7977 2145 -1
3239 -1 7790 146 4316 5526 4896 1362 7159 9024 2124 1513 5982 6501 8836 1709 -1 4226 5507 -1 -1 1559 7178 2854 9460 7366 8611 1772 7141 4158 -1 2374 5033 385 3161 9737 -1 -1 7430 8320 -1 -1 2031 4350 6347 0 2383 1050 3325 8216 7947 -1 8462 4723 1777 -1 4229 5617 539 -1 449 -1 1646 6145 7218 998 1618 7422 4314 9514 3607 6547 7157 1670 2562 4857 -1 -1 9934 4637 -1 8376 -1 8972 1685 6217 7848 -1 6506 3483 -1 -1 2998 4906 5395 1169 6903 182 9650 -1
3724 -1 5403 4140 4045 3068 -1 -1 -1 -1 5750 8 -1 2023 -1 8961 -1 4727 9408 9801 5696 9915 8636 5759 -1 7726 -1 7723 969 7296 234 2713 8853 2026 2178 7649 1227 4762 4930 7282 5701 3283 5680 3239 7454 2383 0 2975 2398 2466 3952 9607 2003 3601 2013 3362 2622 2014 4543 -1 681 1802 5242 -1 6233 -1 3440 -1 9303 4865 4893 1050 -1 -1 -1 9774 6858 -1 4924 -1 1711 7255 2242 -1 9198 7687 -1 9389 6558 8138 5830 -1 9811 930 337 3160 7118 732 5590 7342
-1 -1 6187 2978 559 3952 9996 -1 -1 -1 -1 6884 1208 9183 7470 3109 572 -1 7021 322 6242 -1 9862 9991 -1 100 5837 6110 -1 4932 7158 1021 1450 2916 830 7516 -1 7828 -1 1874 2670 8652 6198 6356 8111 1050 2975 0 1419 3485 9786 6037 2889 4259 9504 -1 -1 -1 9230 7367 7214 4748 -1 1152 7564 7538 -1 6199 1122 7135 9945 8464 4244 5703 8556 5141 -1 5942 9632 -1 5553 7061 5249 7193 5281 2763 9982 1796 -1 -1 6813 6117 2136 -1 2956 7203 -1 7742 2143 3376
463 5185 815 3344 997 5453 1920 9460 -1 -1 1532 -1 4080 7102 3633 9386 -1 148 9198 -1 9963 -1 6088 7302 597 6789 4768 1619 -1 1313 8259 3995 6049 8028 -1 5371 5425 3400 -1 553 9155 9694 9247 -1 -1 3325 2398 1419 0 6478 -1 -1 -1 7160 1098 -1 7527 3318 5570 9747 6759 -1 1241 1074 8928 4604 9473 6894 -1 5806 1066 -1 7703 2774 8566 7606 6686 4024 9671 4576 2827 -1 8025 8299 1093 9315 3999 149 680 9106 4586 5595 4628 7859 6272 7116 737 9756 -1 2027
7091 -1 8530 2205 37 -1 -1 -1 9339 352 7844 1949 2789 7502 4603 4990 7865 9287 2907 3747 4769 2217 33 4632 4600 7008 -1 1814 -1 -1 -1 7492 -1 5810 8186 511 5501 4399 477 -1 4156 5489 3260 7619 -1 8216 2466 3485 6478 0 1745 5236 -1 6625 -1 4822 5065 4324 9457 6639 9689 8352 8466 -1 5582 -1 4281 -1 1292 9127 -1 1350 9402 1430 -1 5336 -1 5507 6523 1726 8376 -1 1843 -1 2249 8183 2203 2721 -1 -1 7758 9928 -1 4545 4206 8956 4945 419 -1 -1
-1 7043 4877 2321 1793 4121 8683 6621 8268 -1 -1 -1 8951 2301 -1 1073 8206 7635 -1 7752 4334 -1 4478 6213 1647 -1 8335 -1 2855 -1 -1 -1 920 2522 -1 6504 3231 -1 -1 2191 -1 962 7396 7910 6887 7947 3952 9786 -1 1745 0 -1 1198 -1 9408 -1 -1 5977 -1 -1 7796 893 482 2209 2346 3136 6951 7236 3068 1786 7748 -1 -1 8398 -1 3028 -1 7967 -1 9985 -1 1715 2564 5335 9722 8597 906 2663 2756 1324 8914 9828 9046 3689 6447 8252 9054 4588 3422 2672
2681 -1 2750 833 2621 -1 7995 5959 4428 9070 4169 9685 -1 5049 9704 3743 3955 7212 9651 6657 1544 9014 1473 2426 1150 1728 1841 3311 2454 6788 9351 7687 8507 -1 -1 -1 -1 2407 1385 8064 1320 9446 3631 3261 -1 -1 9607 6037 -1 5236 -1 0 857 411 1559 9577 4560 2445 -1 5240 7984 -1 9405 8393 4546 4682 7058 1184 -1 85 5394 7357 8316 350 5828 2806 -1 5476 4371 6784 418 6382 9330 9808 -1 3587 183 -1 -1 1519 3581 2019 8544 483 8291 3763 -1 193 5488 6666
4998 2536 93 376 1480 6251 6984 3466 852 3485 7969 1688 -1 2764 3011 -1 3035 7967 3486 4124 -1 -1 3337 -1 3284 8098 5729 9209 -1 5170 9813 4186 1664 2899 4918 9750 7000 -1 2299 7163 6636 4766 -1 8740 8099 8462 2003 2889 -1 -1 1198 857 0 6866 6050 -1 -1 3284 6943 9315 -1 -1 2353 347 7423 3073 7509 -1 -1 5066 1664 6694 5704 2979 4844 3661 4862 8668 879 201 4726 8840 -1 -1 -1 3324 4971 1884 -1 8625 6726 6855 590 9293 4638 8487 -1 9082 -1 1491
8071 -1 9467 3173 9883 4531 5025 8558 8265 125 8166 9370 -1 4980 7803 1768 3875 4230 -1 -1 6699 7609 9950 3350 -1 -1 2806 5210 1985 8 1819 8613 6725 631 1603 4545 -1 -1 1990 7486 9616 8590 1605 8981 5061 4723 3601 4259 7160 6625 -1 411 6866 0 -1 7439 9446 1279 2531 6090 1602 5168 -1 -1 3980 1626 6254 1404 -1 4615 7118 3155 8756 3734 1694 -1 -1 -1 6132 2061 -1 6903 5987 -1 8165 -1 5144 3681 1374 905 5559 1462 5820 9732 8597 9377 -1 4354 -1 8996
9324 1805 2201 6184 5380 5701 4357 -1 9992 5363 7238 6677 2266 9551 -1 9233 4228 -1 3019 -1 7827 1613 -1 6528 1290 8583 8101 85 1051 -1 6085 -1 3173 8886 6636 7956 1720 2319 4694 7224 3769 -1 -1 1114 -1 1777 2013 9504 1098 -1 9408 1559 6050 -1 0 7306 4441 -1 5331 -1 -1 2312 -1 7910 8507 7153 4805 8734 -1 8886 -1 1736 -1 8070 4971 8755 3541 6162 174 3410 8603 9309 -1 8510 9596 3840 6613 5684 1192 6332 4109 8703 -1 4854 3134 8115 359 6598 -1 1993
8818 -1 -1 -1 3988 -1 5669 6320 5684 -1 7027 7462 8634 5075 6355 2858 2033 6354 -1 1942 5706 -1 4457 9666 5456 6442 5482 2234 3897 2357 5190 -1 -1 -1 1227 3367 1473 2056 -1 5236 -1 4829 5915 37 2731 -1 3362 -1 -1 4822 -1 9577 -1 7439 7306 0 538 -1 9398 4799 -1 -1 6679 9299 1573 4815 9903 6602 5765 4800 7129 7768 9361 9142 -1 -1 5281 2913 4566 8432 296 -1 3495 -1 -1 1869 2732 5931 4617 -1 9340 -1 5757 9447 3532 8255 7105 -1 -1 9345
-1 7329 5072 6378 7461 -1 7132 6807 9150 -1 879 5975 853 6613 1070 2464 521 1612 -1 2432 2043 2803 -1 7215 2139 3199 -1 6889 8132 -1 7982 4925 5622 908 -1 872 4404 3252 6162 -1 6859 -1 1110 849 3381 4229 2622 -1 7527 5065 -1 4560 -1 9446 4441 538 0 7658 2523 -1 2779 8291 9763 6957 4668 4263 4963 4805 -1 4360 4018 -1 4666 281 7643 -1 -1 3780 7605 4984 4274 2776 3432 9372 1285 2249 -1 2756 -1 -1 -1 9366 2644 9220 6606 -1 4395 6655 6260 -1
-1 -1 -1 9483 6837 1519 4663 9460 -1 -1 5784 6215 8337 250 4607 8629 2480 3627 4355 3909 5520 -1 -1 8164 -1 9890 981 3300 6779 2817 8230 7423 -1 4016 9704 3134 4195 8882 6591 -1 382 7471 -1 7332 8545 5617 2014 -1 3318 4324 5977 2445 3284 1279 -1 -1 7658 0 6743 4178 6781 -1 -1 2491 1843 7732 1346 5535 8946 3832 971 5329 6458 1151 6012 -1 9308 3527 675 1595 -1 2340 1208 -1 -1 7064 5001 3838 -1 3820 5784 -1 4174 1512 4973 3935 -1 5829 36 7962
8670 -1 5233 2701 -1 -1 1926 -1 6611 226 -1 -1 2421 682 2368 4552 5425 6628 6123 1502 -1 9175 5088 -1 5648 8094 938 4900 392 -1 7487 3404 4229 3751 2924 5064 6972 2994 8454 517 9800 7179 2421 8162 1744 539 4543 9230 5570 9457 -1 -1 6943 2531 5331 9398 2523 6743 0 4701 4807 8239 453 7871 5307 -1 1693 8498 1858 2318 125 2694 -1 1282 -1 1817 1648 5448 8362 -1 5298 3197 7273 4417 -1 4478 4669 5155 704 -1 5854 6170 8035 3623 -1 342 8561 5888 6957 5521
4183 3816 7411 1286 4784 2810 7771 -1 2226 4803 8430 -1 3380 9888 9302 2203 -1 5965 6038 6694 -1 8593 441 1316 -1 832 6260 -1 1239 6982 3344 9235 1405 3736 6422 5039 2639 9758 3751 2468 3466 363 7679 5830 2141 -1 -1 7367 9747 6639 -1 5240 9315 6090 -1 4799 -1 4178 4701 0 8774 9017 2033 7852 8280 9999 -1 6558 -1 8398 -1 -1 6018 4583 -1 4514 -1 -1 2749 1958 620 3139 -1 7715 -1 2457 7640 1980 -1 310 7086 5059 6566 5324 -1 5015 -1 -1 6386 -1
3300 -1 47 7416 1339 7483 7904 -1 1794 4379 9374 5707 -1 3814 -1 401 8869 5210 6577 4606 9763 7777 -1 -1 6851 6738 7744 4987 -1 2238 7493 8860 9612 4464 7675 1012 7897 -1 9084 6654 -1 -1 5803 1355 8745 449 681 7214 6759 9689 7796 7984 -1 1602 -1 -1 2779 6781 4807 8774 0 9446 2898 8596 6082 6847 1464 2746 3847 9022 6612 9389 5152 4482 3518 3892 3380 1678 4052 8224 3977 -1 9701 5031 -1 1637 -1 7521 6591 -1 9865 -1 5531 -1 9945 -1 -1 554 3269 417
-1 2510 -1 4856 6637 -1 -1 5509 9419 6160 3468 1137 -1 371 5665 8030 898 7551 -1 -1 7954 9735 1393 4114 1337 380 9407 6037 8883 4134 8188 2551 85 2282 2351 5716 -1 9804 -1 -1 -1 -1 1694 -1 7386 -1 1802 4748 -1 8352 893 -1 -1 5168 2312 -1 8291 -1 8239 9017 9446 0 -1 -1 -1 -1 326 880 43 7493 -1 3233 4234 -1 6512 -1 5923 5330 4618 -1 -1 9284 2259 4230 1936 8888 8572 8516 455 7471 1009 8955 9508 -1 9832 -1 8682 5537 -1 3459
3171 2573 7515 3064 4569 -1 436 -1 557 20 -1 7107 -1 7394 7431 4701 8432 -1 2873 4222 7404 760 1784 1556 8081 6604 5875 -1 8994 6611 4012 2386 1936 32 5495 -1 3232 -1 838 8342 1736 4484 -1 9103 1678 1646 5242 -1 1241 8466 482 9405 2353 -1 -1 6679 9763 -1 453 2033 2898 -1 0 -1 5330 917 7995 2741 5347 9379 -1 9736 4688 -1 -1 3340 4236 4404 -1 9708 437 7774 925 6824 -1 -1 6603 -1 4104 1935 -1 2539 5055 -1 4584 3215 3163 9101 2277 1119
2333 4987 -1 25 -1 7586 2684 7754 844 -1 868 7967 3521 4046 1186 -1 8366 4814 -1 -1 2531 5504 -1 8758 1724 -1 2317 6251 403 5792 3650 5733 1357 6037 9473 -1 4442 5370 8682 7868 -1 8356 1539 -1 -1 6145 -1 1152 1074 -1 2209 8393 347 -1 7910 9299 6957 2491 7871 7852 8596 -1 -1 0 -1 3879 -1 139 6308 7011 9261 -1 8099 -1 4584 -1 883 6888 6194 -1 -1 -1 -1 1327 7738 1290 733 -1 -1 6482 1477 -1 1590 1379 -1 5135 8863 850 7265 7150
-1 -1 -1 5551 -1 6650 3560 -1 2559 9123 1482 8160 -1 -1 1466 7544 7284 7162 8440 4878 1168 8457 2764 -1 2515 9531 9765 -1 7601 -1 6984 3006 -1 4716 2171 7399 4996 -1 1369 5146 1564 6623 -1 5470 6627 7218 6233 7564 8928 5582 2346 4546 7423 3980 8507 1573 4668 1843 5307 8280 6082 -1 5330 -1 0 8915 787 -1 9654 -1 5042 2108 648 9428 7996 6837 2758 -1 8032 -1 -1 1224 2802 1381 -1 7497 4150 2310 1850 7018 -1 3566 5163 7726 5106 7591 -1 -1 2737 -1
7930 8935 -1 250 542 602 4547 9450 9932 8353 934 7242 1671 5268 4107 1192 1459 5622 -1 4877 2617 4449 2847 3930 1844 3909 -1 9662 709 3012 4412 2089 8155 1151 6884 6230 -1 -1 -1 7223 1589 7498 1003 6043 9627 998 -1 7538 4604 -1 3136 4682 3073 1626 7153 4815 4263 7732 -1 9999 6847 -1 917 3879 8915 0 7762 6207 -1 4920 -1 9195 7133 -1 5415 -1 2 1277 8188 3187 8209 -1 6646 1374 4397 4569 4903 4473 6986 -1 3472 3697 6553 501 -1 9006 755 6883 -1 7585
-1 -1 -1 9954 645 2177 9932 3525 2110 2669 5902 6404 9125 8247 9011 3184 4178 860 6520 9840 -1 -1 5810 -1 2718 7315 624 8953 -1 8233 3828 9791 4604 9901 1129 -1 2813 8323 2858 2204 4951 5874 1677 4095 4151 1618 3440 -1 9473 4281 6951 7058 7509 6254 4805 9903 4963 1346 1693 -1 1464 326 7995 -1 787 7762 0 9964 1366 4720 4979 3735 5745 -1 5575 569 6311 -1 2940 6596 433 4882 8792 7239 7991 7856 1084 796 2613 946 4611 -1 5621 -1 4084 725 1022 6359 6239 2125
5982 -1 7700 7638 2078 -1 6684 1229 7120 5264 -1 1575 -1 7157 -1 8448 3773 -1 4324 8558 2341 5816 4709 -1 9968 9166 9265 7808 2149 -1 -1 -1 6556 -1 400 -1 1546 4982 4076 3833 5443 3145 -1 -1 3615 7422 -1 6199 6894 -1 7236 1184 -1 1404 8734 6602 4805 5535 8498 6558 2746 880 2741 139 -1 6207 9964 0 -1 2797 3017 9516 8237 6873 8434 356 1570 -1 221 3640 1782 3861 7902 1117 8007 4009 7355 2445 7852 7500 5626 9167 8524 7300 4503 6063 7592 9330 8364 2061
-1 9048 -1 7614 -1 2205 -1 7519 2060 8012 8129 9262 7062 2398 6926 2301 -1 9627 4518 1938 -1 -1 -1 -1 8264 -1 8011 -1 1518 4507 -1 749 -1 -1 9950 8093 6209 -1 1924 994 7447 8553 6165 1191 -1 4314 9303 1122 -1 1292 3068 -1 -1 -1 -1 5765 -1 8946 1858 -1 3847 43 5347 6308 9654 -1 1366 -1 0 971 3764 5528 9540 -1 -1 5927 438 4230 -1 825 -1 9451 1776 1069 776 7987 344 9838 -1 3192 1539 5291 -1 4172 5627 -1 9932 7653 -1 3673
-1 -1 7712 6864 6154 2337 9225 4612 -1 -1 1933 -1 9792 -1 3708 6429 -1 -1 -1 -1 7110 9563 3326 -1 4095 3207 -1 6042 9496 7773 -1 -1 3433 2548 4663 6606 1601 4536 4300 7398 4562 529 4551 -1 5943 9514 4865 7135 5806 9127 1786 85 5066 4615 8886 4800 4360 3832 2318 8398 9022 7493 9379 7011 -1 4920 4720 2797 971 0 -1 -1 6584 278 3329 8624 8291 -1 -1 -1 -1 5179 -1 4432 2778 7873 -1 9878 9828 7745 2444 6509 3771 4776 1964 3193 -1 9324 5441 9645
5596 6185 4485 3156 3889 -1 3947 4107 300 4045 901 9248 6758 -1 -1 810 -1 -1 -1 6471 6902 -1 411 334 -1 3595 4983 6408 -1 4447 9558 5373 222 2270 3717 7067 -1 4467 8001 -1 6378 239 -1 -1 1011 3607 4893 9945 1066 -1 7748 5394 1664 7118 -1 7129 4018 971 125 -1 6612 -1 -1 9261 5042 -1 4979 3017 3764 -1 0 -1 -1 9264 1263 4295 8731 8717 -1 8202 5551 4138 8129 4582 1637 8458 1559 2155 6435 2591 9903 -1 1197 781 4938 5070 9101 710 564 6090
1773 8825 4200 3052 9695 -1 1867 5488 6506 -1 6379 8889 3684 7946 1151 7365 7550 7483 2162 -1 7576 -1 8247 -1 4069 2628 6602 529 1060 6920 4224 7946 8172 6246 8374 -1 3461 346 3680 -1 -1 3174 3882 -1 -1 6547 1050 8464 -1 1350 -1 7357 6694 3155 1736 7768 -1 5329 2694 -1 9389 3233 9736 -1 2108 9195 3735 9516 5528 -1 -1 0 -1 8334 1451 2130 5735 5418 7930 -1 1435 4209 414 -1 111 9093 3837 7668 40 9700 736 -1 6911 2427 8080 -1 -1 8624 -1 8731
-1 -1 8175 6959 6429 7584 2839 -1 9347 8929 -1 6038 -1 6453 6916 -1 2998 -1 1682 8875 4162 9569 8837 8563 4704 9301 4237 -1 5021 4387 3032 8489 944 5353 -1 7318 141 2407 3471 3469 7692 -1 -1 9264 7314 7157 -1 4244 7703 9402 -1 8316 5704 8756 -1 9361 4666 6458 -1 6018 5152 4234 4688 8099 648 7133 5745 8237 9540 6584 -1 -1 0 4205 5471 6839 1484 7552 9831 -1 -1 1247 1600 6398 2953 653 3766 7500 -1 225 7822 1761 4100 1575 303 9163 4165 -1 -1 4238
-1 -1 2275 9040 7370 -1 9352 -1 -1 -1 7527 5507 2731 9689 4152 5336 -1 9739 9940 -1 9786 9204 228 9104 4739 6327 -1 2862 1934 2466 -1 3627 510 -1 3036 8093 3949 -1 857 -1 -1 4171 -1 6097 9676 1670 -1 5703 2774 1430 8398 350 2979 3734 8070 9142 281 1151 1282 4583 4482 -1 -1 -1 9428 -1 -1 6873 -1 278 9264 8334 4205 0 6570 -1 306 -1 6086 8583 3022 9497 4610 5280 -1 -1 -1 9419 6941 3702 3109 1738 384 9296 -1 1641 8700 5693 1616 -1
2045 -1 -1 -1 3375 -1 4880 -1 7374 5018 7673 704 3667 7868 3672 1950 8135 2676 7490 1170 5562 8507 6410 -1 2906 7437 4278 9804 9276 719 4681 3612 1300 1221 3054 -1 9970 5185 7049 6551 -1 -1 8053 6892 648 2562 -1 8556 8566 -1 -1 5828 4844 1694 4971 -1 7643 6012 -1 -1 3518 6512 -1 4584 7996 5415 5575 8434 -1 3329 1263 1451 5471 6570 0 -1 254 5686 3496 9696 9918 4704 5666 2188 8938 2636 -1 -1 5956 4783 -1 -1 2234 8226 1150 4614 -1 1 5020 2043
2752 1587 1026 2365 -1 219 795 -1 6712 6978 1354 -1 9063 1720 4017 -1 3420 4545 -1 5016 5234 7646 8366 2936 2015 -1 6614 918 1304 8144 8910 -1 1138 8675 8048 -1 3166 9105 -1 2875 7432 8921 -1 6650 8710 4857 9774 5141 7606 5336 3028 2806 3661 -1 8755 -1 -1 -1 1817 4514 3892 -1 3340 -1 6837 -1 569 356 5927 8624 4295 2130 6839 -1 -1 0 3048 7981 2738 4829 3848 6269 4407 3537 9536 5931 1760 2599 -1 -1 446 1589 7452 -1 -1 -1 163 8759 5784 -1
71 6860 5797 6626 7782 1858 -1 4852 -1 -1 8759 828 9956 9085 1582 4669 -1 4178 849 5411 7223 8440 -1 -1 1725 3580 8228 -1 8819 -1 2370 974 1071 8453 -1 6053 2122 9228 -1 4110 4317 6590 9149 -1 -1 -1 6858 -1 6686 -1 -1 -1 4862 -1 3541 5281 -1 9308 1648 -1 3380 5923 4236 883 2758 2 6311 1570 438 8291 8731 5735 1484 306 254 3048 0 7606 7096 -1 8348 -1 8145 9725 8401 125 5557 -1 6627 3211 -1 371 7275 -1 170 -1 6684 8679 4359 -1
1893 5444 4425 -1 9264 9097 3371 5572 -1 3584 512 -1 -1 4134 9942 -1 -1 5770 -1 688 4879 -1 -1 -1 7638 430 5523 -1 895 1396 -1 2559 8305 -1 -1 191 9993 -1 2305 9577 5742 1247 1379 5151 3733 -1 -1 5942 4024 5507 7967 5476 8668 -1 6162 2913 3780 3527 5448 -1 1678 5330 4404 6888 -1 1277 -1 -1 4230 -1 8717 5418 7552 -1 5686 7981 7606 0 4046 -1 5727 5089 8955 9782 -1 8231 1687 9431 -1 7803 -1 8888 9979 -1 -1 -1 8782 6979 1385 6219
6355 572 -1 9159 8514 5531 5676 3675 9398 -1 2490 -1 1288 2908 -1 4521 8525 5542 6630 8060 9690 8989 1840 1244 -1 9777 2599 7634 -1 -1 1270 6783 6847 6863 9998 6742 -1 5622 8814 618 6579 4227 -1 -1 3552 9934 4924 9632 9671 6523 -1 4371 879 6132 174 4566 7605 675 8362 2749 4052 4618 -1 6194 8032 8188 2940 221 -1 -1 -1 7930 9831 6086 3496 2738 7096 4046 0 9565 -1 -1 4399 6958 3873 6742 7773 -1 7667 1852 1180 535 563 9207 2963 9504 6769 2614 6428 -1
4991 -1 -1 4940 2078 109 8731 2133 3474 874 3780 1796 9789 6669 5549 598 3332 2776 5967 8691 8861 -1 1011 9720 3694 -1 -1 -1 5738 -1 -1 9788 9216 600 2823 4229 -1 -1 4022 2497 2440 253 3483 2056 502 4637 -1 -1 4576 1726 9985 6784 201 2061 3410 8432 4984 1595 -1 1958 8224 -1 9708 -1 -1 3187 6596 3640 825 -1 8202 -1 -1 8583 9696 4829 -1 -1 9565 0 646 5418 496 -1 1624 4801 5904 -1 1107 -1 7120 2923 746 9455 8222 2706 -1 865 9812 4533
-1 8284 8737 4037 -1 3198 7745 7227 9615 8629 -1 -1 1391 7076 9380 4185 5546 3838 4139 2231 -1 2249 6934 1180 2198 9310 -1 -1 -1 9547 129 5305 8549 6405 -1 1337 5291 4653 1293 -1 9041 2307 3706 703 -1 -1 1711 5553 2827 8376 -1 418 4726 -1 8603 296 4274 -1 5298 620 3977 -1 437 -1 -1 8209 433 1782 -1 -1 5551 1435 -1 3022 9918 3848 8348 5727 -1 646 0 8727 2926 -1 3845 2811 9120 -1 6184 2643 1174 8241 3894 8434 9532 8785 2176 7117 9779 4501
5216 6372 8589 9044 3204 2754 9952 2025 556 2098 3999 -1 7901 3414 4170 523 8464 707 6903 2407 980 4681 -1 3564 9419 7075 9182 5405 5966 8136 8568 7554 -1 3317 2831 8981 9249 -1 3958 2966 -1 4815 -1 5502 -1 8376 7255 7061 -1 -1 1715 6382 8840 6903 9309 -1 2776 2340 3197 3139 -1 9284 7774 -1 1224 -1 4882 3861 9451 5179 4138 4209 1247 9497 4704 6269 -1 5089 -1 5418 8727 0 9851 2907 8174 8015 781 -1 -1 9752 103 4787 -1 980 3707 8971 9294 26 7119 1837
5115 -1 5934 3296 4234 3380 2761 236 4714 6466 1685 2270 -1 1122 7086 7998 3673 -1 8579 7546 19 5448 4945 2536 -1 1390 -1 900 -1 6020 3157 4998 5244 40 -1 -1 3024 9993 -1 6111 -1 7970 4479 2197 2605 -1 2242 5249 8025 1843 2564 9330 -1 5987 -1 3495 3432 1208 7273 -1 9701 2259 925 -1 2802 6646 8792 7902 1776 -1 8129 414 1600 4610 5666 4407 8145 8955 4399 496 2926 9851 0 -1 -1 9308 5777 2173 -1 2773 7426 -1 3999 511 -1 2906 6312 2675 5137 2835
4190 4923 -1 -1 1648 -1 946 5349 1182 -1 9839 5135 7865 4173 -1 2701 9278 4380 5090 721 2215 2805 -1 7348 6672 2786 -1 8652 818 6100 -1 8278 3613 9880 -1 9984 9472 741 2593 6206 -1 9045 1248 2502 9936 8972 -1 7193 8299 -1 5335 9808 -1 -1 8510 -1 9372 -1 4417 7715 5031 4230 6824 1327 1381 1374 7239 1117 1069 4432 4582 -1 6398 5280 2188 3537 9725 9782 6958 -1 -1 2907 -1 0 -1 1418 296 5629 2405 4358 2576 5014 -1 8878 7129 4448 2656 9089 6761 2450
5680 4022 5949 6210 -1 7850 3554 7582 5490 -1 -1 3163 -1 4928 -1 3681 -1 2564 8323 4704 6748 3877 8774 9179 7762 8656 1845 4838 8982 339 -1 -1 8600 7588 -1 2202 6263 5864 6035 3593 6800 2675 5486 6519 2821 1685 9198 5281 1093 2249 9722 -1 -1 8165 9596 -1 1285 -1 -1 -1 -1 1936 -1 7738 -1 4397 7991 8007 776 2778 1637 111 2953 -1 8938 9536 8401 -1 3873 1624 3845 8174 -1 -1 0 -1 2568 4507 9483 2483 9232 566 4803 6226 348 3646 7820 9032 4637 4395
5540 596 9213 2457 -1 108 8587 1472 3225 6352 9078 9985 -1 3413 5033 6929 1497 8699 -1 2824 6939 -1 2072 3415 -1 8601 5283 8746 9436 4011 -1 5336 -1 15 -1 4446 -1 -1 6267 6220 -1 8226 1725 9093 1266 6217 7687 2763 9315 8183 8597 3587 3324 -1 3840 1869 2249 7064 4478 2457 1637 8888 -1 1290 7497 4569 7856 4009 7987 7873 8458 9093 653 -1 2636 5931 125 8231 6742 4801 2811 8015 9308 1418 -1 0 1093 6792 1973 1309 689 4679 5971 233 908 3906 517 5515 -1 -1
4753 251 5982 -1 -1 469 4621 2874 212 5910 6457 1746 -1 2733 7223 -1 596 -1 5797 2535 -1 9209 8265 575 315 585 1593 3720 899 3755 580 1014 3001 1224 7189 7212 1142 141 1085 4813 4112 8545 1872 -1 3307 7848 -1 9982 3999 2203 906 183 4971 5144 6613 2732 -1 5001 4669 7640 -1 8572 6603 733 4150 4903 1084 7355 344 -1 1559 3837 3766 -1 -1 1760 5557 1687 7773 5904 9120 781 5777 296 2568 1093 0 3872 3260 43 -1 -1 6329 1619 4837 6573 -1 9452 574 5137
2617 1797 794 7525 3025 8915 7589 8896 133 -1 7418 -1 8419 2423 4439 -1 4763 548 6917 9568 -1 2538 920 4672 -1 2846 -1 2990 8076 9739 5481 -1 4193 8670 8251 -1 125 -1 9831 5178 652 1678 2652 -1 5535 -1 9389 1796 149 2721 2663 -1 1884 3681 5684 5931 2756 3838 5155 1980 7521 8516 -1 -1 2310 4473 796 2445 9838 9878 2155 7668 7500 9419 -1 2599 -1 9431 -1 -1 -1 -1 2173 5629 4507 6792 3872 0 7045 1745 1071 5291 715 -1 2094 7178 -1 606 8232 6642
5477 2206 3132 8467 6941 6774 4615 -1 -1 -1 5338 2445 5491 -1 -1 7621 9889 8211 1965 5031 3590 -1 4913 -1 -1 8939 380 -1 7714 -1 -1 9841 4014 -1 9226 -1 6196 -1 5387 9060 5189 -1 -1 -1 4211 6506 6558 -1 680 -1 2756 -1 -1 1374 1192 4617 -1 -1 704 -1 6591 455 4104 -1 1850 6986 2613 7852 -1 9828 6435 40 -1 6941 5956 -1 6627 -1 7667 1107 6184 -1 -1 2405 9483 1973 3260 7045 0 4286 5264 -1 1951 7971 3084 7932 -1 9503 1377 -1
6278 -1 -1 1149 1585 -1 3904 8830 7132 3256 5870 -1 1209 1619 7062 8843 -1 6370 3837 -1 6309 -1 7310 6838 9986 -1 -1 -1 8900 3981 4153 6896 3176 9686 -1 5295 3875 -1 4659 3573 5865 -1 6907 3595 8159 3483 8138 -1 9106 -1 1324 1519 8625 905 6332 -1 -1 3820 -1 310 -1 7471 1935 6482 7018 -1 946 7500 3192 7745 2591 9700 225 3702 4783 -1 3211 7803 1852 -1 2643 9752 2773 4358 2483 1309 43 1745 4286 0 5677 1828 -1 520 9313 1801 8401 2268 3555 3730
4568 524 6801 328 799 -1 -1 1238 5879 6592 4196 7757 -1 5240 3316 5168 -1 7354 1265 158 -1 9815 746 -1 3689 2321 6936 -1 7176 -1 8722 8852 8972 5983 5606 5141 -1 -1 4496 2797 5591 8786 -1 5640 -1 -1 5830 6813 4586 7758 8914 3581 6726 5559 4109 9340 -1 5784 5854 7086 9865 1009 -1 1477 -1 3472 4611 5626 1539 2444 9903 736 7822 3109 -1 446 -1 -1 1180 7120 1174 103 7426 2576 9232 689 -1 1071 5264 5677 0 -1 6501 -1 -1 200 6219 -1 8868 6548
2460 -1 5894 1064 1244 1180 -1 4837 8415 1481 -1 2703 7557 5981 2977 8519 -1 9483 -1 4832 8933 4581 619 5219 -1 7836 5053 -1 8888 5324 5337 2997 3923 8357 2135 -1 7019 5802 5438 5325 7949 3016 94 1115 2393 -1 -1 6117 5595 9928 9828 2019 6855 1462 8703 -1 9366 -1 6170 5059 -1 8955 2539 -1 3566 3697 -1 9167 5291 6509 -1 -1 1761 1738 -1 1589 371 8888 535 2923 8241 4787 -1 5014 566 4679 -1 5291 -1 1828 -1 0 -1 -1 6429 1961 5476 -1 5994 6551
2650 8828 8304 9555 8847 -1 -1 5700 3985 1830 9593 -1 9616 9336 1791 8911 5213 -1 4945 1599 7055 384 8158 3483 5161 2159 1207 4165 9659 9407 4616 6693 -1 1964 5509 6750 4950 797 -1 8446 8812 3974 1186 -1 6218 2998 9811 2136 4628 -1 9046 8544 590 5820 -1 5757 2644 4174 8035 6566 5531 9508 5055 1590 5163 6553 5621 8524 -1 3771 1197 6911 4100 384 2234 7452 7275 9979 563 746 3894 -1 3999 -1 4803 5971 6329 715 1951 -1 6501 -1 0 3577 7728 3349 8741 2514 4235 -1
4307 550 -1 2353 9057 6693 -1 9152 898 6261 7913 6992 4165 6075 1971 2355 3473 6935 3547 7442 3843 11 -1 -1 8951 -1 7381 4443 -1 5270 6072 7614 9889 3743 6018 -1 4054 9409 -1 -1 2771 8689 -1 -1 6637 4906 930 -1 7859 4545 3689 483 9293 9732 4854 9447 9220 1512 3623 5324 -1 -1 -1 1379 7726 501 -1 7300 4172 4776 781 2427 1575 9296 8226 -1 -1 -1 9207 9455 8434 980 511 8878 6226 233 1619 -1 7971 520 -1 -1 3577 0 9324 1647 2473 -1 6804 8804
4695 5484 659 264 998 179 2704 7129 -1 -1 -1 9957 1078 443 -1 -1 3840 6901 7433 -1 -1 2409 8014 -1 6277 9854 8470 -1 6369 3566 4066 9513 2209 795 9011 9787 5640 9693 6531 -1 3570 -1 5613 6949 2239 5395 337 2956 6272 4206 6447 8291 4638 8597 3134 3532 6606 4973 -1 -1 9945 9832 4584 -1 5106 -1 4084 4503 5627 1964 4938 8080 303 -1 1150 -1 170 -1 2963 8222 9532 3707 -1 7129 348 908 4837 2094 3084 9313 -1 6429 7728 9324 0 3938 9349 -1 -1 8561
-1 649 9468 -1 6518 7977 -1 7224 -1 5701 3813 7870 5833 820 -1 6110 -1 4115 8989 6652 5618 -1 -1 5485 7205 4660 4856 2870 8609 -1 -1 9272 -1 -1 6430 -1 3693 4233 2962 3930 7258 6980 -1 825 8590 1169 3160 7203 7116 8956 8252 3763 8487 9377 8115 8255 -1 3935 342 5015 -1 -1 3215 5135 7591 9006 725 6063 -1 3193 5070 -1 9163 1641 4614 -1 -1 -1 9504 2706 8785 8971 2906 4448 3646 3906 6573 7178 7932 1801 200 1961 3349 1647 3938 0 893 4649 7191 1717
-1 1967 7113 9549 6748 -1 3159 2666 -1 182 8160 6094 8200 4340 1141 529 7878 2619 2334 6428 715 974 1962 9023 3306 -1 2587 6162 -1 40 9104 6674 8954 9388 837 4313 6955 -1 4647 4832 -1 341 246 -1 -1 6903 7118 -1 737 4945 9054 -1 -1 -1 359 7105 4395 -1 8561 -1 -1 8682 3163 8863 -1 755 1022 7592 9932 -1 9101 -1 4165 8700 -1 163 6684 8782 6769 -1 2176 9294 6312 2656 7820 517 -1 -1 -1 8401 6219 5476 8741 2473 9349 893 0 2509 2005 5421
7526 2961 4735 1987 333 -1 -1 3899 4687 -1 867 6637 -1 5031 1075 8897 -1 -1 5663 3906 487 -1 873 2047 5072 5494 3908 9034 5174 3518 9787 -1 -1 8798 5065 5716 -1 7285 -1 -1 6204 4121 8525 1171 7977 182 732 7742 9756 419 4588 193 9082 4354 6598 -1 6655 5829 5888 -1 554 5537 9101 850 -1 6883 6359 9330 7653 9324 710 8624 -1 5693 1 8759 8679 6979 2614 865 7117 26 2675 9089 9032 5515 9452 606 9503 2268 -1 -1 2514 -1 -1 4649 2509 0 283 241
251 531 3019 -1 6269 -1 2474 -1 1779 -1 -1 7291 -1 6949 3923 614 4187 350 775 -1 3436 1645 1715 -1 3853 -1 2955 7004 4473 9282 2597 9955 7616 7223 2332 7905 -1 5784 7793 -1 6711 7360 7997 6290 2145 9650 5590 2143 -1 -1 3422 5488 -1 -1 -1 -1 6260 36 6957 6386 3269 -1 2277 7265 2737 -1 6239 8364 -1 5441 564 -1 -1 1616 5020 5784 4359 1385 6428 9812 9779 7119 5137 6761 4637 -1 574 8232 1377 3555 8868 5994 4235 6804 -1 7191 2005 283 0 7008
1397 -1 5378 6662 3429 -1 612 5307 -1 5100 2647 3608 2536 9665 7032 5296 433 6314 4050 9618 8473 3342 9979 8737 -1 -1 3621 -1 7832 -1 7804 -1 6047 -1 1017 377 5162 740 4464 -1 9593 8235 8866 -1 -1 -1 7342 3376 2027 -1 2672 6666 1491 8996 1993 9345 -1 7962 5521 -1 417 3459 1119 7150 -1 7585 2125 2061 3673 9645 6090 8731 4238 -1 2043 -1 -1 6219 -1 4533 4501 1837 2835 2450 4395 -1 5137 6642 -1 3730 6548 6551 -1 8804 8561 1717 5421 241 7008 0
30 9 40 90 60 23 31 69 56 29 50 67 49 19 24 2 20 8 27 23 26 10 79 27 43 96 83 47 69 5 1 13 34 38 70 69 91 70 13 43 16 85 44 10 93 2 49 75 59 58 60 9 71 34 39 28 20 31 13 36 2 85 54 95 78 69 44 21 37 6 55 42 79 39 100 27 56 82 31 82 4 43 27 29 69 54 62 1 94 39 35 26 98 54 41 49 82 61 59 12
33 84
83 74
65 80
90 32
70 14
19 78
99 1
45 42
5 34
82 95
100 9
45 10
84 44
64 26
84 66
79 24
98 10
64 13
27 11
98 78
49 4
75 56
15 63
27 52
84 14
66 78
5 12
9 36
62 76
40 29
30 47
75 79
27 65
14 53
3 71
73 32
50 18
7 2
4 3
40 98
88 36
10 59
84 65
28 76
63 36
66 10
66 46
88 57
54 80
1 97
88 13
10 37
72 22
16 47
70 2
15 20
77 86
95 51
47 5
38 51
25 38
33 22
37 36
83 41
21 50
64 32
21 99
11 33
25 13
33 48
6 98
64 72
64 7
26 11
46 51
70 18
64 30
93 58
13 88
86 69
90 31
95 91
52 62
25 66
75 5
13 80
3 89
64 97
17 81
96 61
62 9
53 44
26 29
50 46
11 2
78 37
16 99
61 93
57 67
34 27
-1 -1
0