100
35623 22571
13931 11551
68678 28136
25067 3194
54008 15554
32651 4904
80181 3253
59789 12294
61553 19726
69610 20871
89981 3185
61092 21937
0 2
31067 35799
61098 3174
64558 2443
74735 7923
41795 56967
26162 42616
34568 31554
52077 14002
29994 29672
83625 13279
0 1
48131 22045
31335 52220
41728 10586
51487 26977
41755 41525
29398 8807
1 0
68531 8322
52074 24618
97534 813
42057 5845
65069 34209
92296 6691
50485 38979
835 4599
50000 50000
19922 28058
70500 15709
61317 24416
27360 34120
31903 5544
5838 6587
26818 8771
2858 25371
93373 2356
100000 0
10302 43748
9614 25746
6042 34928
14680 71033
22838 56651
65212 18238
2 0
34310 12380
26147 73000
0 100000
66402 24421
24959 33058
58094 4753
66958 2865
46671 17543
6554 87754
47185 31964
64913 4310
43096 50176
85809 1086
76537 15184
59043 999
59598 39130
80973 17447
46195 46358
78078 14687
36243 27691
4719 22107
1 1
55116 3616
9 11
96395 785
47299 39667
9068 64249
74837 4602
65923 21936
2956 23254
75986 9235
36039 36337
85639 7576
16252 76129
7 13
26581 13743
68260 27570
71273 8869
59670 33844
37209 13554
29248 29730
71850 17183
4261 44663
