100
370958 596853 263 2792
3478 455415 94 9951
670145 333717 342 9939
625685 842515 909 9990
219295 239655 254 6740
183777 846684 384 5961
97835 557666 296 8600
908505 574773 573 6431
849577 783610 585 9906
270407 536583 623 9982
849365 746767 707 9976
72415 719016 882 9938
628079 255969 868 3939
926434 879210 369 9989
304396 749699 715 4236
472203 862470 199 7630
311382 460749 790 9991
527115 875440 382 2875
387781 418358 543 8155
246475 912944 580 9963
642442 794124 649 8442
860218 847193 718 9952
414355 896489 641 9953
922755 0 668 1
563058 469875 649 9951
510197 818703 199 9976
0 0 224 1
455304 775799 978 9965
250084 15040 585 9913
508236 835975 432 1679
442632 695925 706 9952
36328 304749 790 207
472164 955588 52 9947
702642 748331 372 1197
934174 304911 160 9974
715715 485860 782 8168
475067 764660 386 2276
802705 96637 703 430
814797 113129 166 8368
981474 860663 611 2877
613006 474775 621 9909
70050 0 360 2605
624433 89881 878 453
586014 559373 985 6788
831831 438573 683 9961
0 210369 122 1438
175553 799033 112 9978
942551 86674 65 8046
519951 332884 177 9951
207838 106261 874 9937
907786 818943 903 5095
399729 205698 240 9917
887579 860775 272 9942
859244 610949 403 3284
84179 468244 305 9920
193565 610428 274 9628
711962 78180 784 9964
126288 658364 524 9954
770907 358713 975 9943
517413 886850 28 3419
485765 337997 750 7495
95370 429859 289 9918
625044 140747 141 1906
660712 245134 364 898
768427 468614 997 9998
112874 597341 666 9948
714680 419955 938 9914
703658 539483 395 9958
799491 90430 159 264
292457 544564 724 8223
884733 722031 668 8272
237081 177995 187 3991
0 0 100 199
992594 671492 614 7644
181463 857731 100 162
618879 996537 168 9942
0 506037 409 1
0 0 967 3117
473784 0 870 1
745685 645388 797 9938
330718 565072 631 5724
616515 415830 457 9902
691663 97698 138 7818
988905 510008 695 8643
197019 780966 445 9771
668398 362377 866 4002
281503 827192 501 1868
354234 239223 197 6205
169871 783546 338 9946
0 0 1000 10000
577599 964698 403 9945
0 0 10 5
846845 211058 472 8479
969988 946113 231 9931
236570 937652 679 9943
619037 770035 276 9970
50515 510289 96 1303
47658 693780 695 7889
726618 359743 715 9928
263659 875701 286 9990
