50
1000 1 19 15 17 14 8 20
1000 8 19 14 16 1 4 20
1000 10 12 9 15 14 1 20
1000 0 999995001 1 0 10000 10000 1000000000
1 145699316 214267775 0 0 715212977 30990378 992057388
2 561952713 684038518 0 0 212830262 33819755 988408899
1 27133413 47838325 0 0 193003066 825531413 945881648
1 90785126 338499448 0 0 762753953 900197211 956895733
2 3346842 877624617 0 0 553910257 254877500 976967663
1000 202540132 612805534 0 0 145358445 798854308 939419461
1000 30541328 177050359 0 0 852629220 964661288 987451718
1000 761741593 809623796 0 0 217591364 188898173 981095038
1000 228650728 578239935 0 0 50187224 18422043 932965666
1000 132729180 226156837 0 0 639397062 6195296 998892085
1000 74517823 283655959 870517646 850212146 0 0 997569341
1000 26859354 61013522 616362181 351104373 0 0 998652449
1000 649675676 658489879 283408668 868655352 0 0 974597883
1000 38041133 832100076 98336177 226334848 0 0 899214627
1000 826991413 947753608 939852312 182219360 0 0 979256999
1000 523333874 629807801 437666490 373465203 533548525 23184486 992414226
1000 441283791 615810180 447283426 376772356 864314582 269880699 990151786
1000 219440494 917541544 408567090 529914387 322427838 710643056 993689585
1000 325311341 974598019 51510502 483202062 234221357 385001305 978752166
1000 638516660 883289979 2939054 167389163 189585334 401981688 947075083
1000 368110222 678273538 539993881 920964250 85908783 674421796 988941401
1000 253112471 493877059 826268796 22198706 22421592 907131200 982694022
1000 107528706 266410667 189735123 345583479 915393459 162696655 955066425
1000 107336563 883216786 12412538 657027596 321262964 903835720 988548924
1000 79601967 865247593 351988590 69466468 663321874 793159367 868677266
1000 925376900 976150317 761351531 669770886 350677717 563127702 967730107
1000 732442944 785541340 176671113 777677293 738576831 20419604 907567971
1000 217127798 804529513 576244717 198246583 521773461 576044486 897880280
1000 161104906 179522416 135586927 833098930 940735439 545558442 977516734
1000 293306969 450914665 224668117 252226613 135330410 13474234 987695097
1000 45511621 900403456 377127240 893829568 139375935 5511952 962868884
1000 481492166 907581586 885272274 841811326 896171022 190796472 863417573
1000 423335365 979397488 96129076 371616887 442794972 584505167 948057246
1000 553862208 826804834 993687326 136624434 919947046 789609098 999767484
1000 117991514 122196434 643827158 67173263 509979767 675262512 968564647
1000 488080637 731624470 892774573 797484998 13986260 553783537 991442800
1000 88136130 394970224 883162748 803299382 786484906 275191490 985483496
1000 565464340 624484754 668857388 430247174 999969470 497268938 992414849
973 366506050 615626101 686031097 283778381 497488761 591337269 927412959
986 763342267 890314259 71055663 948559118 384281830 928844961 999481232
970 545696480 974043917 504635797 640320034 441379707 462071438 941750317
967 10409861 756337220 35836295 695221041 827369660 56687509 934120517
1000 270670659 518814572 152626428 755797957 525867746 787763577 969355525
1000 876165315 949010082 140285605 713358248 907801296 853531471 856002272
1000 231507814 392256412 67753720 115148225 265350181 73862261 993891461
1000 846966279 954062257 606523749 49682008 55130442 709770775 924553775
