50
1000 1 19 15 17 14 8 20
1000 8 19 14 16 1 4 20
1000 10 12 9 15 14 1 20
1000 0 999995001 1 0 10000 10000 1000000000
1 15548676 483458901 0 0 729492455 123774155 986506162
1 316752382 787671041 0 0 303935234 128382187 948377518
1 882644839 904828238 0 0 183065329 495473087 973689068
4 498625619 882402955 0 0 456700659 433727114 981809460
2 588159184 952015373 0 0 935984957 720473878 981702466
1000 225684595 361483915 0 0 611838413 128680269 966506127
1000 107898348 786846115 0 0 4250649 619945009 980582542
1000 64755512 556556453 0 0 197620841 850179562 991169991
1000 455572434 669177406 0 0 858897131 422647098 904634317
1000 480796150 504354720 0 0 520123669 199522426 993049418
1000 48675929 714352379 281664462 677876630 0 0 989168452
1000 976175536 991978014 127396524 986186960 0 0 944969696
1000 350174059 699214683 400842738 931100362 0 0 957313367
1000 73244372 454941605 144041389 786528995 0 0 933368934
1000 644228436 846483560 14072035 998895721 0 0 983498329
1000 77545466 224214356 377776004 560768120 223413530 281518717 936724452
1000 76971924 131613171 634945642 279779465 586094701 104470218 970390264
1000 300828727 916163882 408561972 133755913 225173080 584451456 975910874
1000 53600305 860438284 530609171 727997218 63531826 5017097 733704926
1000 234558524 582039826 170607340 156177280 993103287 682084019 961836039
1000 384017097 629599858 91009081 59656281 256843060 506196264 988367428
1000 714704494 968917148 81973358 817532358 299608010 595413300 968536173
1000 358621132 886128695 113173472 388212515 78583195 305148022 808025452
1000 102400353 380147179 820186673 861144700 179554664 432557331 973974967
1000 710563720 917252146 607085254 820300080 132033764 158859682 943989497
1000 522822908 680285736 24413389 378810212 674528685 456536816 986198801
1000 142311808 691945125 144892115 762852739 878138400 242344054 986277617
1000 97958514 245871386 373735372 243884446 736317200 77135707 979177194
1000 979870384 982097054 265923987 449457109 583516908 489501817 923905819
1000 3088738 169575114 486749235 278928340 511933918 238986567 914921638
1000 825831818 835077313 873337625 724687931 6929609 103108086 980399542
1000 304822810 341326724 147811413 664825571 261033617 908894573 973367124
1000 850513517 986680087 384863802 407188739 700607099 747474979 964924864
1000 28920333 774915824 142967957 581428754 763099769 880736174 988717164
1000 338377656 517552104 386212594 459275132 807909034 374548135 999696904
1000 458972034 545299037 520122745 838799302 13689437 593472236 907263201
1000 51583064 866441005 728040182 251769700 737818756 358755672 928077510
1000 513909621 761261695 752468931 38111831 495235984 500482825 986601943
999 251620008 350059075 262230280 469629057 832574829 103310615 949898103
958 223233507 424633825 96323034 909032905 849748480 768523748 983015842
949 661803488 748831126 539403243 385190939 770233962 11321042 949339020
999 365597 656547250 563309892 195326466 521727224 263509718 887921112
1000 783386713 920689507 29859036 758245855 908323361 23956381 908339493
1000 272759045 791853312 79233098 619140303 882250235 45618208 947793686
1000 138461157 878220699 776100144 600175123 951597915 73082503 934621348
1000 74180283 215796356 493689585 397190499 336487370 107226751 997721309
