100
2 10000000 1
2 10000000 2
2 10000000 3
2 10000000 4
2 10000000 5
2 10000000 6
2 10000000 7
2 10000000 8
2 10000000 9
2 10000000 10
2 10000000 11
2 10000000 12
2 10000000 13
2 10000000 14
2 10000000 15
2 10000000 16
2 10000000 17
2 10000000 18
2 10000000 19
2 10000000 20
2 10000000 21
2 10000000 22
2 10000000 23
2 10000000 24
2 10000000 25
2 10000000 26
2 10000000 27
2 10000000 28
2 10000000 29
2 10000000 30
2 10000000 31
2 10000000 32
2 10000000 33
2 10000000 34
2 10000000 35
2 10000000 36
2 10000000 37
2 10000000 38
2 10000000 39
2 10000000 40
2 10000000 41
2 10000000 42
2 10000000 43
2 10000000 44
2 10000000 45
2 10000000 46
2 10000000 47
2 10000000 48
2 10000000 49
2 10000000 50
2 10000000 51
2 10000000 52
2 10000000 53
2 10000000 54
2 10000000 55
2 10000000 56
2 10000000 57
2 10000000 58
2 10000000 59
2 10000000 60
2 10000000 61
2 10000000 62
2 10000000 63
2 10000000 64
2 10000000 65
2 10000000 66
2 10000000 67
2 10000000 68
2 10000000 69
2 10000000 70
2 10000000 71
2 10000000 72
2 10000000 73
2 10000000 74
2 10000000 75
2 10000000 76
2 10000000 77
2 10000000 78
2 10000000 79
2 10000000 80
2 10000000 81
2 10000000 82
2 10000000 83
2 10000000 84
2 10000000 85
2 10000000 86
2 10000000 87
2 10000000 88
2 10000000 89
2 10000000 90
2 10000000 91
2 10000000 92
2 10000000 93
2 10000000 94
2 10000000 95
2 10000000 96
2 10000000 97
2 10000000 98
2 10000000 99
2 10000000 100
