100
1 4 2
1 7 7
2 5 1
19 2 1
2 2 1
1 7 6
1 20 20
1 7 3
1 6 5
20 16 6
12 1 1
15 5 1
15 8 3
1 6 1
11 11 8
2 6 1
1 9 4
3 18 16
1 6 2
1 7 2
4 20 15
15 14 3
9 11 3
1 7 1
9 13 2
2 12 5
19 6 4
5 20 10
8 4 3
10 20 1
3 19 9
19 14 11
1 6 4
8 5 3
1 3 3
8 1 1
11 4 3
4 20 4
17 16 7
12 13 5
1 6 6
2 12 9
1 7 7
20 13 10
7 3 2
19 18 13
19 5 3
7 16 14
20 20 20
17 2 2
9 9 1
18 9 4
10 20 20
5 12 2
20 20 10
11 1 1
10 13 7
12 3 1
2 4 3
8 11 8
1 7 4
18 11 3
15 12 9
20 13 3
5 8 3
10 7 5
14 9 7
15 15 1
16 14 4
9 12 9
3 7 3
11 11 1
20 20 1
11 13 11
2 9 6
15 7 6
13 19 1
11 3 2
1 6 3
1 7 5
1 5 1
1 20 1
1 20 10
5 14 9
4 7 5
8 12 5
6 14 14
7 2 2
20 10 1
5 19 3
8 20 3
2 14 11
13 2 2
10 20 10
7 9 5
8 7 4
2 5 3
20 1 1
5 14 4
20 10 10
