100
1 1 24
1
1 3 22
18 20 22
1 2 7
3 4
1 1 7
1
1 2 4
3 4
1 4 16
1 2 4 8
1 5 30
1 2 4 8 15
1 3 26
16 22 26
1 3 23
1 3 9
1 1 23
9
1 1 23
18
1 3 11
4 10 11
1 2 25
1 5
1 3 28
18 24 26
1 3 28
24 25 27
1 3 29
22 27 29
1 1 12
1
1 2 16
5 8
1 1 22
2
1 3 26
1 5 10
1 2 8
7 8
1 2 18
4 9
1 1 23
20
1 1 10
4
1 1 22
21
1 1 7
7
1 2 27
3 7
1 3 18
4 5 11
1 1 6
4
1 5 16
1 2 4 8 16
1 1 29
7
1 3 15
2 11 12
1 2 29
2 7
1 3 17
3 7 13
1 1 30
30
1 1 3
2
1 2 4
3 4
1 1 23
20
1 2 9
2 3
1 4 25
3 5 11 23
1 2 22
2 7
1 2 15
9 11
1 1 25
6
1 2 2
1 2
1 2 12
4 8
1 2 20
13 19
1 2 24
1 2
1 2 20
3 5
1 3 24
5 6 14
1 1 1
1
1 3 30
10 25 30
1 2 22
19 21
1 2 3
2 3
1 2 26
6 23
1 1 11
2
1 5 21
1 11 12 20 21
1 3 4
1 3 4
1 2 23
15 19
1 2 10
6 8
1 1 22
3
1 3 26
5 10 18
1 1 28
6
1 2 15
5 10
1 3 23
7 15 22
1 2 2
1 2
1 1 12
1
1 1 2
1
1 4 25
4 5 11 24
1 4 13
3 7 10 13
1 3 28
3 7 15
1 2 6
1 3
1 1 2
1
1 1 7
7
1 2 25
2 4
1 4 23
5 12 17 20
1 4 29
2 5 11 29
1 3 14
2 6 11
1 2 16
2 5
1 2 11
5 8
1 2 27
17 26
1 4 30
11 12 23 28
1 2 3
1 2
1 3 28
18 24 26
1 1 5
3
1 5 5
1 2 3 4 5
1 2 22
19 22
1 2 8
7 8
1 1 18
11
1 4 11
7 9 10 11
1 4 28
2 3 9 18
1 3 6
1 2 5
1 2 3
2 3
1 3 26
4 7 14
1 1 30
1
1 2 24
5 10
1 3 26
24 25 26
1 2 17
4 8
1 3 24
2 7 13
1 1 13
10
1 3 28
3 18 24
